Start_local;End_local;Ozone
04/07/2018 10:30;04/07/2018 11:00;48
04/07/2018 11:00;04/07/2018 11:30;73
04/07/2018 11:30;04/07/2018 12:00;86
04/07/2018 12:00;04/07/2018 12:30;105
04/07/2018 12:30;04/07/2018 13:00;120
04/07/2018 13:00;04/07/2018 13:30;125
04/07/2018 13:30;04/07/2018 14:00;129
04/07/2018 14:00;04/07/2018 14:30;130
04/07/2018 14:30;04/07/2018 15:00;132
04/07/2018 15:00;04/07/2018 15:30;123
04/07/2018 15:30;04/07/2018 16:00;118
04/07/2018 16:00;04/07/2018 16:30;117
04/07/2018 16:30;04/07/2018 17:00;118
04/07/2018 17:00;04/07/2018 17:30;116
04/07/2018 17:30;04/07/2018 18:00;119
04/07/2018 18:00;04/07/2018 18:30;112
04/07/2018 18:30;04/07/2018 19:00;103
04/07/2018 19:00;04/07/2018 19:30;106
04/07/2018 19:30;04/07/2018 20:00;101
04/07/2018 20:00;04/07/2018 20:30;97
04/07/2018 20:30;04/07/2018 21:00;85
04/07/2018 21:00;04/07/2018 21:30;68
04/07/2018 21:30;04/07/2018 22:00;47
04/07/2018 22:00;04/07/2018 22:30;35
04/07/2018 22:30;04/07/2018 23:00;33
04/07/2018 23:00;04/07/2018 23:30;30
04/07/2018 23:30;05/07/2018 0:00;23
05/07/2018 0:00;05/07/2018 0:30;20
05/07/2018 0:30;05/07/2018 1:00;23
05/07/2018 1:00;05/07/2018 1:30;22
05/07/2018 1:30;05/07/2018 2:00;29
05/07/2018 2:00;05/07/2018 2:30;35
05/07/2018 2:30;05/07/2018 3:00;32
05/07/2018 3:00;05/07/2018 3:30;26
05/07/2018 3:30;05/07/2018 4:00;17
05/07/2018 4:00;05/07/2018 4:30;16
05/07/2018 4:30;05/07/2018 5:00;16
05/07/2018 5:00;05/07/2018 5:30;17
05/07/2018 5:30;05/07/2018 6:00;19
05/07/2018 6:00;05/07/2018 6:30;12
05/07/2018 6:30;05/07/2018 7:00;12
05/07/2018 7:00;05/07/2018 7:30;18
05/07/2018 7:30;05/07/2018 8:00;27
05/07/2018 8:00;05/07/2018 8:30;33
05/07/2018 8:30;05/07/2018 9:00;53
05/07/2018 9:00;05/07/2018 9:30;53
05/07/2018 9:30;05/07/2018 10:00;57
05/07/2018 10:00;05/07/2018 10:30;61
05/07/2018 10:30;05/07/2018 11:00;76
05/07/2018 11:00;05/07/2018 11:30;80
05/07/2018 11:30;05/07/2018 12:00;85
05/07/2018 12:00;05/07/2018 12:30;96
05/07/2018 12:30;05/07/2018 13:00;97
05/07/2018 13:00;05/07/2018 13:30;100
05/07/2018 13:30;05/07/2018 14:00;103
05/07/2018 14:00;05/07/2018 14:30;107
05/07/2018 14:30;05/07/2018 15:00;109
05/07/2018 15:00;05/07/2018 15:30;108
05/07/2018 15:30;05/07/2018 16:00;112
05/07/2018 16:00;05/07/2018 16:30;114
05/07/2018 16:30;05/07/2018 17:00;119
05/07/2018 17:00;05/07/2018 17:30;116
05/07/2018 17:30;05/07/2018 18:00;109
05/07/2018 18:00;05/07/2018 18:30;105
05/07/2018 18:30;05/07/2018 19:00;97
05/07/2018 19:00;05/07/2018 19:30;90
05/07/2018 19:30;05/07/2018 20:00;90
05/07/2018 20:00;05/07/2018 20:30;89
05/07/2018 20:30;05/07/2018 21:00;86
05/07/2018 21:00;05/07/2018 21:30;85
05/07/2018 21:30;05/07/2018 22:00;81
05/07/2018 22:00;05/07/2018 22:30;79
05/07/2018 22:30;05/07/2018 23:00;69
05/07/2018 23:00;05/07/2018 23:30;71
05/07/2018 23:30;06/07/2018 0:00;69
06/07/2018 0:00;06/07/2018 0:30;66
06/07/2018 0:30;06/07/2018 1:00;57
06/07/2018 1:00;06/07/2018 1:30;46
06/07/2018 1:30;06/07/2018 2:00;43
06/07/2018 2:00;06/07/2018 2:30;36
06/07/2018 2:30;06/07/2018 3:00;30
06/07/2018 3:00;06/07/2018 3:30;28
06/07/2018 3:30;06/07/2018 4:00;19
06/07/2018 4:00;06/07/2018 4:30;19
06/07/2018 4:30;06/07/2018 5:00;27
06/07/2018 5:00;06/07/2018 5:30;26
06/07/2018 5:30;06/07/2018 6:00;34
06/07/2018 6:00;06/07/2018 6:30;43
06/07/2018 6:30;06/07/2018 7:00;39
06/07/2018 7:00;06/07/2018 7:30;34
06/07/2018 7:30;06/07/2018 8:00;36
06/07/2018 8:00;06/07/2018 8:30;40
06/07/2018 8:30;06/07/2018 9:00;51
06/07/2018 9:00;06/07/2018 9:30;53
06/07/2018 9:30;06/07/2018 10:00;53
06/07/2018 10:00;06/07/2018 10:30;61
06/07/2018 10:30;06/07/2018 11:00;78
06/07/2018 11:00;06/07/2018 11:30;97
06/07/2018 11:30;06/07/2018 12:00;82
06/07/2018 12:00;06/07/2018 12:30;86
06/07/2018 12:30;06/07/2018 13:00;97
06/07/2018 13:00;06/07/2018 13:30;94
06/07/2018 13:30;06/07/2018 14:00;97
06/07/2018 14:00;06/07/2018 14:30;96
06/07/2018 14:30;06/07/2018 15:00;106
06/07/2018 15:00;06/07/2018 15:30;116
06/07/2018 15:30;06/07/2018 16:00;116
06/07/2018 16:00;06/07/2018 16:30;116
06/07/2018 16:30;06/07/2018 17:00;117
06/07/2018 17:00;06/07/2018 17:30;111
06/07/2018 17:30;06/07/2018 18:00;108
06/07/2018 18:00;06/07/2018 18:30;104
06/07/2018 18:30;06/07/2018 19:00;103
06/07/2018 19:00;06/07/2018 19:30;101
06/07/2018 19:30;06/07/2018 20:00;97
06/07/2018 20:00;06/07/2018 20:30;91
06/07/2018 20:30;06/07/2018 21:00;81
06/07/2018 21:00;06/07/2018 21:30;77
06/07/2018 21:30;06/07/2018 22:00;68
06/07/2018 22:00;06/07/2018 22:30;59
06/07/2018 22:30;06/07/2018 23:00;55
06/07/2018 23:00;06/07/2018 23:30;42
06/07/2018 23:30;07/07/2018 0:00;30
07/07/2018 0:00;07/07/2018 0:30;29
07/07/2018 0:30;07/07/2018 1:00;25
07/07/2018 1:00;07/07/2018 1:30;23
07/07/2018 1:30;07/07/2018 2:00;20
07/07/2018 2:00;07/07/2018 2:30;22
07/07/2018 2:30;07/07/2018 3:00;23
07/07/2018 3:00;07/07/2018 3:30;16
07/07/2018 3:30;07/07/2018 4:00;17
07/07/2018 4:00;07/07/2018 4:30;18
07/07/2018 4:30;07/07/2018 5:00;15
07/07/2018 5:00;07/07/2018 5:30;14
07/07/2018 5:30;07/07/2018 6:00;15
07/07/2018 6:00;07/07/2018 6:30;16
07/07/2018 6:30;07/07/2018 7:00;14
07/07/2018 7:00;07/07/2018 7:30;14
07/07/2018 7:30;07/07/2018 8:00;17
07/07/2018 8:00;07/07/2018 8:30;22
07/07/2018 8:30;07/07/2018 9:00;22
07/07/2018 9:00;07/07/2018 9:30;26
07/07/2018 9:30;07/07/2018 10:00;36
07/07/2018 10:00;07/07/2018 10:30;51
07/07/2018 10:30;07/07/2018 11:00;68
07/07/2018 11:00;07/07/2018 11:30;74
07/07/2018 11:30;07/07/2018 12:00;81
07/07/2018 12:00;07/07/2018 12:30;90
07/07/2018 12:30;07/07/2018 13:00;98
07/07/2018 13:00;07/07/2018 13:30;105
07/07/2018 13:30;07/07/2018 14:00;109
07/07/2018 14:00;07/07/2018 14:30;105
07/07/2018 14:30;07/07/2018 15:00;103
07/07/2018 15:00;07/07/2018 15:30;101
07/07/2018 15:30;07/07/2018 16:00;99
07/07/2018 16:00;07/07/2018 16:30;108
07/07/2018 16:30;07/07/2018 17:00;118
07/07/2018 17:00;07/07/2018 17:30;113
07/07/2018 17:30;07/07/2018 18:00;103
07/07/2018 18:00;07/07/2018 18:30;102
07/07/2018 18:30;07/07/2018 19:00;93
07/07/2018 19:00;07/07/2018 19:30;83
07/07/2018 19:30;07/07/2018 20:00;62
07/07/2018 20:00;07/07/2018 20:30;43
07/07/2018 20:30;07/07/2018 21:00;27
07/07/2018 21:00;07/07/2018 21:30;29
07/07/2018 21:30;07/07/2018 22:00;28
07/07/2018 22:00;07/07/2018 22:30;20
07/07/2018 22:30;07/07/2018 23:00;16
07/07/2018 23:00;07/07/2018 23:30;17
07/07/2018 23:30;08/07/2018 0:00;16
08/07/2018 0:00;08/07/2018 0:30;16
08/07/2018 0:30;08/07/2018 1:00;19
08/07/2018 1:00;08/07/2018 1:30;18
08/07/2018 1:30;08/07/2018 2:00;15
08/07/2018 2:00;08/07/2018 2:30;15
08/07/2018 2:30;08/07/2018 3:00;12
08/07/2018 3:00;08/07/2018 3:30;11
08/07/2018 3:30;08/07/2018 4:00;11
08/07/2018 4:00;08/07/2018 4:30;12
08/07/2018 4:30;08/07/2018 5:00;11
08/07/2018 5:00;08/07/2018 5:30;7
08/07/2018 5:30;08/07/2018 6:00;8
08/07/2018 6:00;08/07/2018 6:30;10
08/07/2018 6:30;08/07/2018 7:00;9
08/07/2018 7:00;08/07/2018 7:30;9
08/07/2018 7:30;08/07/2018 8:00;15
08/07/2018 8:00;08/07/2018 8:30;17
08/07/2018 8:30;08/07/2018 9:00;17
08/07/2018 9:00;08/07/2018 9:30;24
08/07/2018 9:30;08/07/2018 10:00;28
08/07/2018 10:00;08/07/2018 10:30;48
08/07/2018 10:30;08/07/2018 11:00;64
08/07/2018 11:00;08/07/2018 11:30;74
08/07/2018 11:30;08/07/2018 12:00;79
08/07/2018 12:00;08/07/2018 12:30;84
08/07/2018 12:30;08/07/2018 13:00;88
08/07/2018 13:00;08/07/2018 13:30;92
08/07/2018 13:30;08/07/2018 14:00;97
08/07/2018 14:00;08/07/2018 14:30;98
08/07/2018 14:30;08/07/2018 15:00;102
08/07/2018 15:00;08/07/2018 15:30;102
08/07/2018 15:30;08/07/2018 16:00;104
08/07/2018 16:00;08/07/2018 16:30;106
08/07/2018 16:30;08/07/2018 17:00;115
08/07/2018 17:00;08/07/2018 17:30;127
08/07/2018 17:30;08/07/2018 18:00;133
08/07/2018 18:00;08/07/2018 18:30;135
08/07/2018 18:30;08/07/2018 19:00;132
08/07/2018 19:00;08/07/2018 19:30;118
08/07/2018 19:30;08/07/2018 20:00;91
08/07/2018 20:00;08/07/2018 20:30;72
08/07/2018 20:30;08/07/2018 21:00;64
08/07/2018 21:00;08/07/2018 21:30;45
08/07/2018 21:30;08/07/2018 22:00;42
08/07/2018 22:00;08/07/2018 22:30;43
08/07/2018 22:30;08/07/2018 23:00;36
08/07/2018 23:00;08/07/2018 23:30;30
08/07/2018 23:30;09/07/2018 0:00;27
09/07/2018 0:00;09/07/2018 0:30;27
09/07/2018 0:30;09/07/2018 1:00;24
09/07/2018 1:00;09/07/2018 1:30;24
09/07/2018 1:30;09/07/2018 2:00;20
09/07/2018 2:00;09/07/2018 2:30;21
09/07/2018 2:30;09/07/2018 3:00;18
09/07/2018 3:00;09/07/2018 3:30;16
09/07/2018 3:30;09/07/2018 4:00;14
09/07/2018 4:00;09/07/2018 4:30;17
09/07/2018 4:30;09/07/2018 5:00;17
09/07/2018 5:00;09/07/2018 5:30;15
09/07/2018 5:30;09/07/2018 6:00;16
09/07/2018 6:00;09/07/2018 6:30;17
09/07/2018 6:30;09/07/2018 7:00;15
09/07/2018 7:00;09/07/2018 7:30;15
09/07/2018 7:30;09/07/2018 8:00;24
09/07/2018 8:00;09/07/2018 8:30;25
09/07/2018 8:30;09/07/2018 9:00;32
09/07/2018 9:00;09/07/2018 9:30;34
09/07/2018 9:30;09/07/2018 10:00;42
09/07/2018 10:00;09/07/2018 10:30;57
09/07/2018 10:30;09/07/2018 11:00;72
09/07/2018 11:00;09/07/2018 11:30;74
09/07/2018 11:30;09/07/2018 12:00;80
09/07/2018 12:00;09/07/2018 12:30;97
09/07/2018 12:30;09/07/2018 13:00;99
09/07/2018 13:00;09/07/2018 13:30;102
09/07/2018 13:30;09/07/2018 14:00;103
09/07/2018 14:00;09/07/2018 14:30;106
09/07/2018 14:30;09/07/2018 15:00;104
09/07/2018 15:00;09/07/2018 15:30;106
09/07/2018 15:30;09/07/2018 16:00;110
09/07/2018 16:00;09/07/2018 16:30;113
09/07/2018 16:30;09/07/2018 17:00;121
09/07/2018 17:00;09/07/2018 17:30;117
09/07/2018 17:30;09/07/2018 18:00;109
09/07/2018 18:00;09/07/2018 18:30;99
09/07/2018 18:30;09/07/2018 19:00;92
09/07/2018 19:00;09/07/2018 19:30;92
09/07/2018 19:30;09/07/2018 20:00;83
09/07/2018 20:00;09/07/2018 20:30;71
09/07/2018 20:30;09/07/2018 21:00;73
09/07/2018 21:00;09/07/2018 21:30;62
09/07/2018 21:30;09/07/2018 22:00;44
09/07/2018 22:00;09/07/2018 22:30;33
09/07/2018 22:30;09/07/2018 23:00;32
09/07/2018 23:00;09/07/2018 23:30;28
09/07/2018 23:30;10/07/2018 0:00;23
10/07/2018 0:00;10/07/2018 0:30;26
10/07/2018 0:30;10/07/2018 1:00;20
10/07/2018 1:00;10/07/2018 1:30;19
10/07/2018 1:30;10/07/2018 2:00;22
10/07/2018 2:00;10/07/2018 2:30;22
10/07/2018 2:30;10/07/2018 3:00;18
10/07/2018 3:00;10/07/2018 3:30;15
10/07/2018 3:30;10/07/2018 4:00;14
10/07/2018 4:00;10/07/2018 4:30;13
10/07/2018 4:30;10/07/2018 5:00;12
10/07/2018 5:00;10/07/2018 5:30;17
10/07/2018 5:30;10/07/2018 6:00;11
10/07/2018 6:00;10/07/2018 6:30;11
10/07/2018 6:30;10/07/2018 7:00;13
10/07/2018 7:00;10/07/2018 7:30;16
10/07/2018 7:30;10/07/2018 8:00;20
10/07/2018 8:00;10/07/2018 8:30;20
10/07/2018 8:30;10/07/2018 9:00;21
10/07/2018 9:00;10/07/2018 9:30;25
10/07/2018 9:30;10/07/2018 10:00;30
10/07/2018 10:00;10/07/2018 10:30;50
10/07/2018 10:30;10/07/2018 11:00;71
10/07/2018 11:00;10/07/2018 11:30;77
10/07/2018 11:30;10/07/2018 12:00;86
10/07/2018 12:00;10/07/2018 12:30;101
10/07/2018 12:30;10/07/2018 13:00;104
10/07/2018 13:00;10/07/2018 13:30;97
10/07/2018 13:30;10/07/2018 14:00;93
10/07/2018 14:00;10/07/2018 14:30;99
10/07/2018 14:30;10/07/2018 15:00;104
10/07/2018 15:00;10/07/2018 15:30;104
10/07/2018 15:30;10/07/2018 16:00;103
10/07/2018 16:00;10/07/2018 16:30;110
10/07/2018 16:30;10/07/2018 17:00;125
10/07/2018 17:00;10/07/2018 17:30;134
10/07/2018 17:30;10/07/2018 18:00;137
10/07/2018 18:00;10/07/2018 18:30;137
10/07/2018 18:30;10/07/2018 19:00;129
10/07/2018 19:00;10/07/2018 19:30;122
10/07/2018 19:30;10/07/2018 20:00;111
10/07/2018 20:00;10/07/2018 20:30;103
10/07/2018 20:30;10/07/2018 21:00;101
10/07/2018 21:00;10/07/2018 21:30;93
10/07/2018 21:30;10/07/2018 22:00;83
10/07/2018 22:00;10/07/2018 22:30;67
10/07/2018 22:30;10/07/2018 23:00;57
10/07/2018 23:00;10/07/2018 23:30;47
10/07/2018 23:30;11/07/2018 0:00;48
11/07/2018 0:00;11/07/2018 0:30;34
11/07/2018 0:30;11/07/2018 1:00;30
11/07/2018 1:00;11/07/2018 1:30;33
11/07/2018 1:30;11/07/2018 2:00;29
11/07/2018 2:00;11/07/2018 2:30;31
11/07/2018 2:30;11/07/2018 3:00;30
11/07/2018 3:00;11/07/2018 3:30;21
11/07/2018 3:30;11/07/2018 4:00;20
11/07/2018 4:00;11/07/2018 4:30;19
11/07/2018 4:30;11/07/2018 5:00;22
11/07/2018 5:00;11/07/2018 5:30;18
11/07/2018 5:30;11/07/2018 6:00;16
11/07/2018 6:00;11/07/2018 6:30;15
11/07/2018 6:30;11/07/2018 7:00;16
11/07/2018 7:00;11/07/2018 7:30;19
11/07/2018 7:30;11/07/2018 8:00;24
11/07/2018 8:00;11/07/2018 8:30;34
11/07/2018 8:30;11/07/2018 9:00;43
11/07/2018 9:00;11/07/2018 9:30;50
11/07/2018 9:30;11/07/2018 10:00;49
11/07/2018 10:00;11/07/2018 10:30;61
11/07/2018 10:30;11/07/2018 11:00;71
11/07/2018 11:00;11/07/2018 11:30;83
11/07/2018 11:30;11/07/2018 12:00;93
11/07/2018 12:00;11/07/2018 12:30;104
11/07/2018 12:30;11/07/2018 13:00;102
11/07/2018 13:00;11/07/2018 13:30;105
11/07/2018 13:30;11/07/2018 14:00;108
11/07/2018 14:00;11/07/2018 14:30;114
11/07/2018 14:30;11/07/2018 15:00;117
11/07/2018 15:00;11/07/2018 15:30;116
11/07/2018 15:30;11/07/2018 16:00;124
11/07/2018 16:00;11/07/2018 16:30;129
11/07/2018 16:30;11/07/2018 17:00;128
11/07/2018 17:00;11/07/2018 17:30;125
11/07/2018 17:30;11/07/2018 18:00;120
11/07/2018 18:00;11/07/2018 18:30;118
11/07/2018 18:30;11/07/2018 19:00;112
11/07/2018 19:00;11/07/2018 19:30;108
11/07/2018 19:30;11/07/2018 20:00;97
11/07/2018 20:00;11/07/2018 20:30;94
11/07/2018 20:30;11/07/2018 21:00;90
11/07/2018 21:00;11/07/2018 21:30;82
11/07/2018 21:30;11/07/2018 22:00;76
11/07/2018 22:00;11/07/2018 22:30;73
11/07/2018 22:30;11/07/2018 23:00;82
11/07/2018 23:00;11/07/2018 23:30;86
11/07/2018 23:30;12/07/2018 0:00;87
12/07/2018 0:00;12/07/2018 0:30;47
12/07/2018 0:30;12/07/2018 1:00;66
12/07/2018 1:00;12/07/2018 1:30;38
12/07/2018 1:30;12/07/2018 2:00;35
12/07/2018 2:00;12/07/2018 2:30;24
12/07/2018 2:30;12/07/2018 3:00;28
12/07/2018 3:00;12/07/2018 3:30;30
12/07/2018 3:30;12/07/2018 4:00;25
12/07/2018 4:00;12/07/2018 4:30;30
12/07/2018 4:30;12/07/2018 5:00;27
12/07/2018 5:00;12/07/2018 5:30;28
12/07/2018 5:30;12/07/2018 6:00;19
12/07/2018 6:00;12/07/2018 6:30;27
12/07/2018 6:30;12/07/2018 7:00;29
12/07/2018 7:00;12/07/2018 7:30;29
12/07/2018 7:30;12/07/2018 8:00;25
12/07/2018 8:00;12/07/2018 8:30;30
12/07/2018 8:30;12/07/2018 9:00;32
12/07/2018 9:00;12/07/2018 9:30;33
12/07/2018 9:30;12/07/2018 10:00;36
12/07/2018 10:00;12/07/2018 10:30;57
12/07/2018 10:30;12/07/2018 11:00;72
12/07/2018 11:00;12/07/2018 11:30;80
12/07/2018 11:30;12/07/2018 12:00;92
12/07/2018 12:00;12/07/2018 12:30;107
12/07/2018 12:30;12/07/2018 13:00;112
12/07/2018 13:00;12/07/2018 13:30;115
12/07/2018 13:30;12/07/2018 14:00;114
12/07/2018 14:00;12/07/2018 14:30;112
12/07/2018 14:30;12/07/2018 15:00;109
12/07/2018 15:00;12/07/2018 15:30;101
12/07/2018 15:30;12/07/2018 16:00;101
12/07/2018 16:00;12/07/2018 16:30;113
12/07/2018 16:30;12/07/2018 17:00;121
12/07/2018 17:00;12/07/2018 17:30;120
12/07/2018 17:30;12/07/2018 18:00;111
12/07/2018 18:00;12/07/2018 18:30;99
12/07/2018 18:30;12/07/2018 19:00;99
12/07/2018 19:00;12/07/2018 19:30;80
12/07/2018 19:30;12/07/2018 20:00;91
12/07/2018 20:00;12/07/2018 20:30;95
12/07/2018 20:30;12/07/2018 21:00;93
12/07/2018 21:00;12/07/2018 21:30;89
12/07/2018 21:30;12/07/2018 22:00;78
12/07/2018 22:00;12/07/2018 22:30;59
12/07/2018 22:30;12/07/2018 23:00;41
12/07/2018 23:00;12/07/2018 23:30;57
12/07/2018 23:30;13/07/2018 0:00;48
13/07/2018 0:00;13/07/2018 0:30;36
13/07/2018 0:30;13/07/2018 1:00;27
13/07/2018 1:00;13/07/2018 1:30;29
13/07/2018 1:30;13/07/2018 2:00;31
13/07/2018 2:00;13/07/2018 2:30;21
13/07/2018 2:30;13/07/2018 3:00;18
13/07/2018 3:00;13/07/2018 3:30;18
13/07/2018 3:30;13/07/2018 4:00;16
13/07/2018 4:00;13/07/2018 4:30;16
13/07/2018 4:30;13/07/2018 5:00;16
13/07/2018 5:00;13/07/2018 5:30;14
13/07/2018 5:30;13/07/2018 6:00;11
13/07/2018 6:00;13/07/2018 6:30;9
13/07/2018 6:30;13/07/2018 7:00;13
13/07/2018 7:00;13/07/2018 7:30;17
13/07/2018 7:30;13/07/2018 8:00;29
13/07/2018 8:00;13/07/2018 8:30;39
13/07/2018 8:30;13/07/2018 9:00;43
13/07/2018 9:00;13/07/2018 9:30;36
13/07/2018 9:30;13/07/2018 10:00;45
13/07/2018 10:00;13/07/2018 10:30;56
13/07/2018 10:30;13/07/2018 11:00;80
13/07/2018 11:00;13/07/2018 11:30;95
13/07/2018 11:30;13/07/2018 12:00;106
13/07/2018 12:00;13/07/2018 12:30;121
13/07/2018 12:30;13/07/2018 13:00;129
13/07/2018 13:00;13/07/2018 13:30;132
13/07/2018 13:30;13/07/2018 14:00;126
13/07/2018 14:00;13/07/2018 14:30;114
13/07/2018 14:30;13/07/2018 15:00;107
13/07/2018 15:00;13/07/2018 15:30;111
13/07/2018 15:30;13/07/2018 16:00;114
13/07/2018 16:00;13/07/2018 16:30;107
13/07/2018 16:30;13/07/2018 17:00;106
13/07/2018 17:00;13/07/2018 17:30;101
13/07/2018 17:30;13/07/2018 18:00;112
13/07/2018 18:00;13/07/2018 18:30;114
13/07/2018 18:30;13/07/2018 19:00;113
13/07/2018 19:00;13/07/2018 19:30;99
13/07/2018 19:30;13/07/2018 20:00;91
13/07/2018 20:00;13/07/2018 20:30;83
13/07/2018 20:30;13/07/2018 21:00;77
13/07/2018 21:00;13/07/2018 21:30;72
13/07/2018 21:30;13/07/2018 22:00;61
13/07/2018 22:00;13/07/2018 22:30;47
13/07/2018 22:30;13/07/2018 23:00;41
13/07/2018 23:00;13/07/2018 23:30;35
13/07/2018 23:30;14/07/2018 0:00;32
14/07/2018 0:00;14/07/2018 0:30;31
14/07/2018 0:30;14/07/2018 1:00;31
14/07/2018 1:00;14/07/2018 1:30;29
14/07/2018 1:30;14/07/2018 2:00;27
14/07/2018 2:00;14/07/2018 2:30;24
14/07/2018 2:30;14/07/2018 3:00;25
14/07/2018 3:00;14/07/2018 3:30;25
14/07/2018 3:30;14/07/2018 4:00;28
14/07/2018 4:00;14/07/2018 4:30;22
14/07/2018 4:30;14/07/2018 5:00;22
14/07/2018 5:00;14/07/2018 5:30;20
14/07/2018 5:30;14/07/2018 6:00;17
14/07/2018 6:00;14/07/2018 6:30;17
14/07/2018 6:30;14/07/2018 7:00;21
14/07/2018 7:00;14/07/2018 7:30;25
14/07/2018 7:30;14/07/2018 8:00;26
14/07/2018 8:00;14/07/2018 8:30;36
14/07/2018 8:30;14/07/2018 9:00;48
14/07/2018 9:00;14/07/2018 9:30;47
14/07/2018 9:30;14/07/2018 10:00;58
14/07/2018 10:00;14/07/2018 10:30;78
14/07/2018 10:30;14/07/2018 11:00;91
14/07/2018 11:00;14/07/2018 11:30;96
14/07/2018 11:30;14/07/2018 12:00;108
14/07/2018 12:00;14/07/2018 12:30;123
14/07/2018 12:30;14/07/2018 13:00;124
14/07/2018 13:00;14/07/2018 13:30;121
14/07/2018 13:30;14/07/2018 14:00;121
14/07/2018 14:00;14/07/2018 14:30;107
14/07/2018 14:30;14/07/2018 15:00;105
14/07/2018 15:00;14/07/2018 15:30;112
14/07/2018 15:30;14/07/2018 16:00;118
14/07/2018 16:00;14/07/2018 16:30;133
14/07/2018 16:30;14/07/2018 17:00;148
14/07/2018 17:00;14/07/2018 17:30;158
14/07/2018 17:30;14/07/2018 18:00;152
14/07/2018 18:00;14/07/2018 18:30;151
14/07/2018 18:30;14/07/2018 19:00;152
14/07/2018 19:00;14/07/2018 19:30;152
14/07/2018 19:30;14/07/2018 20:00;148
14/07/2018 20:00;14/07/2018 20:30;139
14/07/2018 20:30;14/07/2018 21:00;116
14/07/2018 21:00;14/07/2018 21:30;100
14/07/2018 21:30;14/07/2018 22:00;84
14/07/2018 22:00;14/07/2018 22:30;71
14/07/2018 22:30;14/07/2018 23:00;45
14/07/2018 23:00;14/07/2018 23:30;37
14/07/2018 23:30;15/07/2018 0:00;33
15/07/2018 0:00;15/07/2018 0:30;31
15/07/2018 0:30;15/07/2018 1:00;30
15/07/2018 1:00;15/07/2018 1:30;27
15/07/2018 1:30;15/07/2018 2:00;33
15/07/2018 2:00;15/07/2018 2:30;25
15/07/2018 2:30;15/07/2018 3:00;29
15/07/2018 3:00;15/07/2018 3:30;27
15/07/2018 3:30;15/07/2018 4:00;27
15/07/2018 4:00;15/07/2018 4:30;22
15/07/2018 4:30;15/07/2018 5:00;22
15/07/2018 5:00;15/07/2018 5:30;25
15/07/2018 5:30;15/07/2018 6:00;20
15/07/2018 6:00;15/07/2018 6:30;18
15/07/2018 6:30;15/07/2018 7:00;16
15/07/2018 7:00;15/07/2018 7:30;16
15/07/2018 7:30;15/07/2018 8:00;27
15/07/2018 8:00;15/07/2018 8:30;45
15/07/2018 8:30;15/07/2018 9:00;49
15/07/2018 9:00;15/07/2018 9:30;53
15/07/2018 9:30;15/07/2018 10:00;63
15/07/2018 10:00;15/07/2018 10:30;75
15/07/2018 10:30;15/07/2018 11:00;86
15/07/2018 11:00;15/07/2018 11:30;96
15/07/2018 11:30;15/07/2018 12:00;102
15/07/2018 12:00;15/07/2018 12:30;113
15/07/2018 12:30;15/07/2018 13:00;113
15/07/2018 13:00;15/07/2018 13:30;112
15/07/2018 13:30;15/07/2018 14:00;112
15/07/2018 14:00;15/07/2018 14:30;114
15/07/2018 14:30;15/07/2018 15:00;116
15/07/2018 15:00;15/07/2018 15:30;115
15/07/2018 15:30;15/07/2018 16:00;122
15/07/2018 16:00;15/07/2018 16:30;133
15/07/2018 16:30;15/07/2018 17:00;132
15/07/2018 17:00;15/07/2018 17:30;128
15/07/2018 17:30;15/07/2018 18:00;127
15/07/2018 18:00;15/07/2018 18:30;121
15/07/2018 18:30;15/07/2018 19:00;117
15/07/2018 19:00;15/07/2018 19:30;112
15/07/2018 19:30;15/07/2018 20:00;105
15/07/2018 20:00;15/07/2018 20:30;89
15/07/2018 20:30;15/07/2018 21:00;79
15/07/2018 21:00;15/07/2018 21:30;76
15/07/2018 21:30;15/07/2018 22:00;74
15/07/2018 22:00;15/07/2018 22:30;52
15/07/2018 22:30;15/07/2018 23:00;44
15/07/2018 23:00;15/07/2018 23:30;35
15/07/2018 23:30;16/07/2018 0:00;29
16/07/2018 0:00;16/07/2018 0:30;34
16/07/2018 0:30;16/07/2018 1:00;37
16/07/2018 1:00;16/07/2018 1:30;37
16/07/2018 1:30;16/07/2018 2:00;30
16/07/2018 2:00;16/07/2018 2:30;35
16/07/2018 2:30;16/07/2018 3:00;31
16/07/2018 3:00;16/07/2018 3:30;35
16/07/2018 3:30;16/07/2018 4:00;31
16/07/2018 4:00;16/07/2018 4:30;23
16/07/2018 4:30;16/07/2018 5:00;41
16/07/2018 5:00;16/07/2018 5:30;32
16/07/2018 5:30;16/07/2018 6:00;37
16/07/2018 6:00;16/07/2018 6:30;32
16/07/2018 6:30;16/07/2018 7:00;35
16/07/2018 7:00;16/07/2018 7:30;32
16/07/2018 7:30;16/07/2018 8:00;30
16/07/2018 8:00;16/07/2018 8:30;33
16/07/2018 8:30;16/07/2018 9:00;35
16/07/2018 9:00;16/07/2018 9:30;52
16/07/2018 9:30;16/07/2018 10:00;68
16/07/2018 10:00;16/07/2018 10:30;67
16/07/2018 10:30;16/07/2018 11:00;49
16/07/2018 11:00;16/07/2018 11:30;39
16/07/2018 11:30;16/07/2018 12:00;48
16/07/2018 12:00;16/07/2018 12:30;54
16/07/2018 12:30;16/07/2018 13:00;52
16/07/2018 13:00;16/07/2018 13:30;47
16/07/2018 13:30;16/07/2018 14:00;54
16/07/2018 14:00;16/07/2018 14:30;62
16/07/2018 14:30;16/07/2018 15:00;69
16/07/2018 15:00;16/07/2018 15:30;82
16/07/2018 15:30;16/07/2018 16:00;89
16/07/2018 16:00;16/07/2018 16:30;101
16/07/2018 16:30;16/07/2018 17:00;105
16/07/2018 17:00;16/07/2018 17:30;109
16/07/2018 17:30;16/07/2018 18:00;108
16/07/2018 18:00;16/07/2018 18:30;108
16/07/2018 18:30;16/07/2018 19:00;113
16/07/2018 19:00;16/07/2018 19:30;109
16/07/2018 19:30;16/07/2018 20:00;106
16/07/2018 20:00;16/07/2018 20:30;88
16/07/2018 20:30;16/07/2018 21:00;81
16/07/2018 21:00;16/07/2018 21:30;73
16/07/2018 21:30;16/07/2018 22:00;47
16/07/2018 22:00;16/07/2018 22:30;29
16/07/2018 22:30;16/07/2018 23:00;29
16/07/2018 23:00;16/07/2018 23:30;33
16/07/2018 23:30;17/07/2018 0:00;35
17/07/2018 0:00;17/07/2018 0:30;37
17/07/2018 0:30;17/07/2018 1:00;26
17/07/2018 1:00;17/07/2018 1:30;31
17/07/2018 1:30;17/07/2018 2:00;26
17/07/2018 2:00;17/07/2018 2:30;21
17/07/2018 2:30;17/07/2018 3:00;15
17/07/2018 3:00;17/07/2018 3:30;16
17/07/2018 3:30;17/07/2018 4:00;22
17/07/2018 4:00;17/07/2018 4:30;21
17/07/2018 4:30;17/07/2018 5:00;23
17/07/2018 5:00;17/07/2018 5:30;18
17/07/2018 5:30;17/07/2018 6:00;9
17/07/2018 6:00;17/07/2018 6:30;11
17/07/2018 6:30;17/07/2018 7:00;11
17/07/2018 7:00;17/07/2018 7:30;11
17/07/2018 7:30;17/07/2018 8:00;17
17/07/2018 8:00;17/07/2018 8:30;30
17/07/2018 8:30;17/07/2018 9:00;38
17/07/2018 9:00;17/07/2018 9:30;43
17/07/2018 9:30;17/07/2018 10:00;49
17/07/2018 10:00;17/07/2018 10:30;61
17/07/2018 10:30;17/07/2018 11:00;75
17/07/2018 11:00;17/07/2018 11:30;81
17/07/2018 11:30;17/07/2018 12:00;88
17/07/2018 12:00;17/07/2018 12:30;104
17/07/2018 12:30;17/07/2018 13:00;109
17/07/2018 13:00;17/07/2018 13:30;108
17/07/2018 13:30;17/07/2018 14:00;112
17/07/2018 14:00;17/07/2018 14:30;114
17/07/2018 14:30;17/07/2018 15:00;115
17/07/2018 15:00;17/07/2018 15:30;118
17/07/2018 15:30;17/07/2018 16:00;118
17/07/2018 16:00;17/07/2018 16:30;118
17/07/2018 16:30;17/07/2018 17:00;118
17/07/2018 17:00;17/07/2018 17:30;125
17/07/2018 17:30;17/07/2018 18:00;116
17/07/2018 18:00;17/07/2018 18:30;122
17/07/2018 18:30;17/07/2018 19:00;123
17/07/2018 19:00;17/07/2018 19:30;119
17/07/2018 19:30;17/07/2018 20:00;109
17/07/2018 20:00;17/07/2018 20:30;99
17/07/2018 20:30;17/07/2018 21:00;91
17/07/2018 21:00;17/07/2018 21:30;74
17/07/2018 21:30;17/07/2018 22:00;75
17/07/2018 22:00;17/07/2018 22:30;55
17/07/2018 22:30;17/07/2018 23:00;46
17/07/2018 23:00;17/07/2018 23:30;35
17/07/2018 23:30;18/07/2018 0:00;27
18/07/2018 0:00;18/07/2018 0:30;25
18/07/2018 0:30;18/07/2018 1:00;25
18/07/2018 1:00;18/07/2018 1:30;37
18/07/2018 1:30;18/07/2018 2:00;35
18/07/2018 2:00;18/07/2018 2:30;25
18/07/2018 2:30;18/07/2018 3:00;22
18/07/2018 3:00;18/07/2018 3:30;18
18/07/2018 3:30;18/07/2018 4:00;24
18/07/2018 4:00;18/07/2018 4:30;18
18/07/2018 4:30;18/07/2018 5:00;15
18/07/2018 5:00;18/07/2018 5:30;18
18/07/2018 5:30;18/07/2018 6:00;22
18/07/2018 6:00;18/07/2018 6:30;17
18/07/2018 6:30;18/07/2018 7:00;14
18/07/2018 7:00;18/07/2018 7:30;14
18/07/2018 7:30;18/07/2018 8:00;23
18/07/2018 8:00;18/07/2018 8:30;33
18/07/2018 8:30;18/07/2018 9:00;33
18/07/2018 9:00;18/07/2018 9:30;32
18/07/2018 9:30;18/07/2018 10:00;34
18/07/2018 10:00;18/07/2018 10:30;51
18/07/2018 10:30;18/07/2018 11:00;73
18/07/2018 11:00;18/07/2018 11:30;84
18/07/2018 11:30;18/07/2018 12:00;92
18/07/2018 12:00;18/07/2018 12:30;106
18/07/2018 12:30;18/07/2018 13:00;118
18/07/2018 13:00;18/07/2018 13:30;119
18/07/2018 13:30;18/07/2018 14:00;119
18/07/2018 14:00;18/07/2018 14:30;120
18/07/2018 14:30;18/07/2018 15:00;120
18/07/2018 15:00;18/07/2018 15:30;124
18/07/2018 15:30;18/07/2018 16:00;128
18/07/2018 16:00;18/07/2018 16:30;137
18/07/2018 16:30;18/07/2018 17:00;140
18/07/2018 17:00;18/07/2018 17:30;141
18/07/2018 17:30;18/07/2018 18:00;131
18/07/2018 18:00;18/07/2018 18:30;128
18/07/2018 18:30;18/07/2018 19:00;125
18/07/2018 19:00;18/07/2018 19:30;120
18/07/2018 19:30;18/07/2018 20:00;100
18/07/2018 20:00;18/07/2018 20:30;105
18/07/2018 20:30;18/07/2018 21:00;97
18/07/2018 21:00;18/07/2018 21:30;83
18/07/2018 21:30;18/07/2018 22:00;76
18/07/2018 22:00;18/07/2018 22:30;56
18/07/2018 22:30;18/07/2018 23:00;51
18/07/2018 23:00;18/07/2018 23:30;46
18/07/2018 23:30;19/07/2018 0:00;45
19/07/2018 0:00;19/07/2018 0:30;33
19/07/2018 0:30;19/07/2018 1:00;31
19/07/2018 1:00;19/07/2018 1:30;25
19/07/2018 1:30;19/07/2018 2:00;23
19/07/2018 2:00;19/07/2018 2:30;29
19/07/2018 2:30;19/07/2018 3:00;24
19/07/2018 3:00;19/07/2018 3:30;25
19/07/2018 3:30;19/07/2018 4:00;24
19/07/2018 4:00;19/07/2018 4:30;18
19/07/2018 4:30;19/07/2018 5:00;18
19/07/2018 5:00;19/07/2018 5:30;16
19/07/2018 5:30;19/07/2018 6:00;13
19/07/2018 6:00;19/07/2018 6:30;13
19/07/2018 6:30;19/07/2018 7:00;19
19/07/2018 7:00;19/07/2018 7:30;15
19/07/2018 7:30;19/07/2018 8:00;22
19/07/2018 8:00;19/07/2018 8:30;25
19/07/2018 8:30;19/07/2018 9:00;29
19/07/2018 9:00;19/07/2018 9:30;40
19/07/2018 9:30;19/07/2018 10:00;54
19/07/2018 10:00;19/07/2018 10:30;69
19/07/2018 10:30;19/07/2018 11:00;85
19/07/2018 11:00;19/07/2018 11:30;90
19/07/2018 11:30;19/07/2018 12:00;100
19/07/2018 12:00;19/07/2018 12:30;117
19/07/2018 12:30;19/07/2018 13:00;122
19/07/2018 13:00;19/07/2018 13:30;121
19/07/2018 13:30;19/07/2018 14:00;120
19/07/2018 14:00;19/07/2018 14:30;125
19/07/2018 14:30;19/07/2018 15:00;121
19/07/2018 15:00;19/07/2018 15:30;125
19/07/2018 15:30;19/07/2018 16:00;125
19/07/2018 16:00;19/07/2018 16:30;137
19/07/2018 16:30;19/07/2018 17:00;144
19/07/2018 17:00;19/07/2018 17:30;151
19/07/2018 17:30;19/07/2018 18:00;141
19/07/2018 18:00;19/07/2018 18:30;137
19/07/2018 18:30;19/07/2018 19:00;131
19/07/2018 19:00;19/07/2018 19:30;123
19/07/2018 19:30;19/07/2018 20:00;117
19/07/2018 20:00;19/07/2018 20:30;109
19/07/2018 20:30;19/07/2018 21:00;102
19/07/2018 21:00;19/07/2018 21:30;92
19/07/2018 21:30;19/07/2018 22:00;91
19/07/2018 22:00;19/07/2018 22:30;77
19/07/2018 22:30;19/07/2018 23:00;54
19/07/2018 23:00;19/07/2018 23:30;38
19/07/2018 23:30;20/07/2018 0:00;42
20/07/2018 0:00;20/07/2018 0:30;52
20/07/2018 0:30;20/07/2018 1:00;44
20/07/2018 1:00;20/07/2018 1:30;43
20/07/2018 1:30;20/07/2018 2:00;41
20/07/2018 2:00;20/07/2018 2:30;35
20/07/2018 2:30;20/07/2018 3:00;26
20/07/2018 3:00;20/07/2018 3:30;28
20/07/2018 3:30;20/07/2018 4:00;28
20/07/2018 4:00;20/07/2018 4:30;27
20/07/2018 4:30;20/07/2018 5:00;24
20/07/2018 5:00;20/07/2018 5:30;20
20/07/2018 5:30;20/07/2018 6:00;18
20/07/2018 6:00;20/07/2018 6:30;15
20/07/2018 6:30;20/07/2018 7:00;19
20/07/2018 7:00;20/07/2018 7:30;20
20/07/2018 7:30;20/07/2018 8:00;33
20/07/2018 8:00;20/07/2018 8:30;36
20/07/2018 8:30;20/07/2018 9:00;43
20/07/2018 9:00;20/07/2018 9:30;47
20/07/2018 9:30;20/07/2018 10:00;53
20/07/2018 10:00;20/07/2018 10:30;71
20/07/2018 10:30;20/07/2018 11:00;78
20/07/2018 11:00;20/07/2018 11:30;84
20/07/2018 11:30;20/07/2018 12:00;99
20/07/2018 12:00;20/07/2018 12:30;115
20/07/2018 12:30;20/07/2018 13:00;123
20/07/2018 13:00;20/07/2018 13:30;126
20/07/2018 13:30;20/07/2018 14:00;128
20/07/2018 14:00;20/07/2018 14:30;132
20/07/2018 14:30;20/07/2018 15:00;128
20/07/2018 15:00;20/07/2018 15:30;128
20/07/2018 15:30;20/07/2018 16:00;124
20/07/2018 16:00;20/07/2018 16:30;124
20/07/2018 16:30;20/07/2018 17:00;124
20/07/2018 17:00;20/07/2018 17:30;122
20/07/2018 17:30;20/07/2018 18:00;118
20/07/2018 18:00;20/07/2018 18:30;114
20/07/2018 18:30;20/07/2018 19:00;111
20/07/2018 19:00;20/07/2018 19:30;107
20/07/2018 19:30;20/07/2018 20:00;97
20/07/2018 20:00;20/07/2018 20:30;89
20/07/2018 20:30;20/07/2018 21:00;73
20/07/2018 21:00;20/07/2018 21:30;58
20/07/2018 21:30;20/07/2018 22:00;58
20/07/2018 22:00;20/07/2018 22:30;61
20/07/2018 22:30;20/07/2018 23:00;63
20/07/2018 23:00;20/07/2018 23:30;82
20/07/2018 23:30;21/07/2018 0:00;91
21/07/2018 0:00;21/07/2018 0:30;83
21/07/2018 0:30;21/07/2018 1:00;76
21/07/2018 1:00;21/07/2018 1:30;61
21/07/2018 1:30;21/07/2018 2:00;51
21/07/2018 2:00;21/07/2018 2:30;53
21/07/2018 2:30;21/07/2018 3:00;60
21/07/2018 3:00;21/07/2018 3:30;50
21/07/2018 3:30;21/07/2018 4:00;42
21/07/2018 4:00;21/07/2018 4:30;51
21/07/2018 4:30;21/07/2018 5:00;52
21/07/2018 5:00;21/07/2018 5:30;50
21/07/2018 5:30;21/07/2018 6:00;55
21/07/2018 6:00;21/07/2018 6:30;59
21/07/2018 6:30;21/07/2018 7:00;58
21/07/2018 7:00;21/07/2018 7:30;56
21/07/2018 7:30;21/07/2018 8:00;51
21/07/2018 8:00;21/07/2018 8:30;48
21/07/2018 8:30;21/07/2018 9:00;47
21/07/2018 9:00;21/07/2018 9:30;47
21/07/2018 9:30;21/07/2018 10:00;46
21/07/2018 10:00;21/07/2018 10:30;50
21/07/2018 10:30;21/07/2018 11:00;62
21/07/2018 11:00;21/07/2018 11:30;69
21/07/2018 11:30;21/07/2018 12:00;69
21/07/2018 12:00;21/07/2018 12:30;85
21/07/2018 12:30;21/07/2018 13:00;84
21/07/2018 13:00;21/07/2018 13:30;85
21/07/2018 13:30;21/07/2018 14:00;88
21/07/2018 14:00;21/07/2018 14:30;88
21/07/2018 14:30;21/07/2018 15:00;92
21/07/2018 15:00;21/07/2018 15:30;96
21/07/2018 15:30;21/07/2018 16:00;99
21/07/2018 16:00;21/07/2018 16:30;102
21/07/2018 16:30;21/07/2018 17:00;103
21/07/2018 17:00;21/07/2018 17:30;101
21/07/2018 17:30;21/07/2018 18:00;101
21/07/2018 18:00;21/07/2018 18:30;102
21/07/2018 18:30;21/07/2018 19:00;105
21/07/2018 19:00;21/07/2018 19:30;102
21/07/2018 19:30;21/07/2018 20:00;102
21/07/2018 20:00;21/07/2018 20:30;100
21/07/2018 20:30;21/07/2018 21:00;88
21/07/2018 21:00;21/07/2018 21:30;76
21/07/2018 21:30;21/07/2018 22:00;69
21/07/2018 22:00;21/07/2018 22:30;73
21/07/2018 22:30;21/07/2018 23:00;64
21/07/2018 23:00;21/07/2018 23:30;62
21/07/2018 23:30;22/07/2018 0:00;63
22/07/2018 0:00;22/07/2018 0:30;60
22/07/2018 0:30;22/07/2018 1:00;54
22/07/2018 1:00;22/07/2018 1:30;42
22/07/2018 1:30;22/07/2018 2:00;27
22/07/2018 2:00;22/07/2018 2:30;29
22/07/2018 2:30;22/07/2018 3:00;28
22/07/2018 3:00;22/07/2018 3:30;30
22/07/2018 3:30;22/07/2018 4:00;34
22/07/2018 4:00;22/07/2018 4:30;34
22/07/2018 4:30;22/07/2018 5:00;33
22/07/2018 5:00;22/07/2018 5:30;32
22/07/2018 5:30;22/07/2018 6:00;28
22/07/2018 6:00;22/07/2018 6:30;27
22/07/2018 6:30;22/07/2018 7:00;35
22/07/2018 7:00;22/07/2018 7:30;34
22/07/2018 7:30;22/07/2018 8:00;34
22/07/2018 8:00;22/07/2018 8:30;40
22/07/2018 8:30;22/07/2018 9:00;40
22/07/2018 9:00;22/07/2018 9:30;42
22/07/2018 9:30;22/07/2018 10:00;46
22/07/2018 10:00;22/07/2018 10:30;43
22/07/2018 10:30;22/07/2018 11:00;37
22/07/2018 11:00;22/07/2018 11:30;41
22/07/2018 11:30;22/07/2018 12:00;37
22/07/2018 12:00;22/07/2018 12:30;41
22/07/2018 12:30;22/07/2018 13:00;63
22/07/2018 13:00;22/07/2018 13:30;78
22/07/2018 13:30;22/07/2018 14:00;85
22/07/2018 14:00;22/07/2018 14:30;89
22/07/2018 14:30;22/07/2018 15:00;92
22/07/2018 15:00;22/07/2018 15:30;96
22/07/2018 15:30;22/07/2018 16:00;96
22/07/2018 16:00;22/07/2018 16:30;96
22/07/2018 16:30;22/07/2018 17:00;101
22/07/2018 17:00;22/07/2018 17:30;94
22/07/2018 17:30;22/07/2018 18:00;73
22/07/2018 18:00;22/07/2018 18:30;45
22/07/2018 18:30;22/07/2018 19:00;43
22/07/2018 19:00;22/07/2018 19:30;44
22/07/2018 19:30;22/07/2018 20:00;45
22/07/2018 20:00;22/07/2018 20:30;34
22/07/2018 20:30;22/07/2018 21:00;24
22/07/2018 21:00;22/07/2018 21:30;19
22/07/2018 21:30;22/07/2018 22:00;18
22/07/2018 22:00;22/07/2018 22:30;20
22/07/2018 22:30;22/07/2018 23:00;14
22/07/2018 23:00;22/07/2018 23:30;11
22/07/2018 23:30;23/07/2018 0:00;11
23/07/2018 0:00;23/07/2018 0:30;13
23/07/2018 0:30;23/07/2018 1:00;13
23/07/2018 1:00;23/07/2018 1:30;7
23/07/2018 1:30;23/07/2018 2:00;8
23/07/2018 2:00;23/07/2018 2:30;7
23/07/2018 2:30;23/07/2018 3:00;7
23/07/2018 3:00;23/07/2018 3:30;5
23/07/2018 3:30;23/07/2018 4:00;5
23/07/2018 4:00;23/07/2018 4:30;4
23/07/2018 4:30;23/07/2018 5:00;3
23/07/2018 5:00;23/07/2018 5:30;2
23/07/2018 5:30;23/07/2018 6:00;4
23/07/2018 6:00;23/07/2018 6:30;4
23/07/2018 6:30;23/07/2018 7:00;3
23/07/2018 7:00;23/07/2018 7:30;4
23/07/2018 7:30;23/07/2018 8:00;5
23/07/2018 8:00;23/07/2018 8:30;10
23/07/2018 8:30;23/07/2018 9:00;14
23/07/2018 9:00;23/07/2018 9:30;19
23/07/2018 9:30;23/07/2018 10:00;22
23/07/2018 10:00;23/07/2018 10:30;41
23/07/2018 10:30;23/07/2018 11:00;59
23/07/2018 11:00;23/07/2018 11:30;68
23/07/2018 11:30;23/07/2018 12:00;78
23/07/2018 12:00;23/07/2018 12:30;91
23/07/2018 12:30;23/07/2018 13:00;97
23/07/2018 13:00;23/07/2018 13:30;99
23/07/2018 13:30;23/07/2018 14:00;96
23/07/2018 14:00;23/07/2018 14:30;90
23/07/2018 14:30;23/07/2018 15:00;90
23/07/2018 15:00;23/07/2018 15:30;86
23/07/2018 15:30;23/07/2018 16:00;91
23/07/2018 16:00;23/07/2018 16:30;95
23/07/2018 16:30;23/07/2018 17:00;105
23/07/2018 17:00;23/07/2018 17:30;125
23/07/2018 17:30;23/07/2018 18:00;127
23/07/2018 18:00;23/07/2018 18:30;113
23/07/2018 18:30;23/07/2018 19:00;114
23/07/2018 19:00;23/07/2018 19:30;107
23/07/2018 19:30;23/07/2018 20:00;99
23/07/2018 20:00;23/07/2018 20:30;85
23/07/2018 20:30;23/07/2018 21:00;71
23/07/2018 21:00;23/07/2018 21:30;58
23/07/2018 21:30;23/07/2018 22:00;49
23/07/2018 22:00;23/07/2018 22:30;42
23/07/2018 22:30;23/07/2018 23:00;38
23/07/2018 23:00;23/07/2018 23:30;34
23/07/2018 23:30;24/07/2018 0:00;26
24/07/2018 0:00;24/07/2018 0:30;24
24/07/2018 0:30;24/07/2018 1:00;26
24/07/2018 1:00;24/07/2018 1:30;31
24/07/2018 1:30;24/07/2018 2:00;29
24/07/2018 2:00;24/07/2018 2:30;22
24/07/2018 2:30;24/07/2018 3:00;22
24/07/2018 3:00;24/07/2018 3:30;18
24/07/2018 3:30;24/07/2018 4:00;19
24/07/2018 4:00;24/07/2018 4:30;16
24/07/2018 4:30;24/07/2018 5:00;17
24/07/2018 5:00;24/07/2018 5:30;19
24/07/2018 5:30;24/07/2018 6:00;14
24/07/2018 6:00;24/07/2018 6:30;14
24/07/2018 6:30;24/07/2018 7:00;15
24/07/2018 7:00;24/07/2018 7:30;17
24/07/2018 7:30;24/07/2018 8:00;18
24/07/2018 8:00;24/07/2018 8:30;21
24/07/2018 8:30;24/07/2018 9:00;25
24/07/2018 9:00;24/07/2018 9:30;28
24/07/2018 9:30;24/07/2018 10:00;38
24/07/2018 10:00;24/07/2018 10:30;54
24/07/2018 10:30;24/07/2018 11:00;69
24/07/2018 11:00;24/07/2018 11:30;78
24/07/2018 11:30;24/07/2018 12:00;79
24/07/2018 12:00;24/07/2018 12:30;93
24/07/2018 12:30;24/07/2018 13:00;98
24/07/2018 13:00;24/07/2018 13:30;100
24/07/2018 13:30;24/07/2018 14:00;98
24/07/2018 14:00;24/07/2018 14:30;96
24/07/2018 14:30;24/07/2018 15:00;101
24/07/2018 15:00;24/07/2018 15:30;109
24/07/2018 15:30;24/07/2018 16:00;116
24/07/2018 16:00;24/07/2018 16:30;111
24/07/2018 16:30;24/07/2018 17:00;104
24/07/2018 17:00;24/07/2018 17:30;87
24/07/2018 17:30;24/07/2018 18:00;73
24/07/2018 18:00;24/07/2018 18:30;67
24/07/2018 18:30;24/07/2018 19:00;61
24/07/2018 19:00;24/07/2018 19:30;54
24/07/2018 19:30;24/07/2018 20:00;50
24/07/2018 20:00;24/07/2018 20:30;49
24/07/2018 20:30;24/07/2018 21:00;37
24/07/2018 21:00;24/07/2018 21:30;34
24/07/2018 21:30;24/07/2018 22:00;30
24/07/2018 22:00;24/07/2018 22:30;27
24/07/2018 22:30;24/07/2018 23:00;25
24/07/2018 23:00;24/07/2018 23:30;25
24/07/2018 23:30;25/07/2018 0:00;20
25/07/2018 0:00;25/07/2018 0:30;20
25/07/2018 0:30;25/07/2018 1:00;21
25/07/2018 1:00;25/07/2018 1:30;21
25/07/2018 1:30;25/07/2018 2:00;19
25/07/2018 2:00;25/07/2018 2:30;15
25/07/2018 2:30;25/07/2018 3:00;13
25/07/2018 3:00;25/07/2018 3:30;13
25/07/2018 3:30;25/07/2018 4:00;13
25/07/2018 4:00;25/07/2018 4:30;9
25/07/2018 4:30;25/07/2018 5:00;9
25/07/2018 5:00;25/07/2018 5:30;9
25/07/2018 5:30;25/07/2018 6:00;9
25/07/2018 6:00;25/07/2018 6:30;10
25/07/2018 6:30;25/07/2018 7:00;11
25/07/2018 7:00;25/07/2018 7:30;9
25/07/2018 7:30;25/07/2018 8:00;15
25/07/2018 8:00;25/07/2018 8:30;23
25/07/2018 8:30;25/07/2018 9:00;23
25/07/2018 9:00;25/07/2018 9:30;28
25/07/2018 9:30;25/07/2018 10:00;32
25/07/2018 10:00;25/07/2018 10:30;49
25/07/2018 10:30;25/07/2018 11:00;65
25/07/2018 11:00;25/07/2018 11:30;70
25/07/2018 11:30;25/07/2018 12:00;87
25/07/2018 12:00;25/07/2018 12:30;96
25/07/2018 12:30;25/07/2018 13:00;107
25/07/2018 13:00;25/07/2018 13:30;114
25/07/2018 13:30;25/07/2018 14:00;122
25/07/2018 14:00;25/07/2018 14:30;131
25/07/2018 14:30;25/07/2018 15:00;135
25/07/2018 15:00;25/07/2018 15:30;141
25/07/2018 15:30;25/07/2018 16:00;142
25/07/2018 16:00;25/07/2018 16:30;136
25/07/2018 16:30;25/07/2018 17:00;143
25/07/2018 17:00;25/07/2018 17:30;159
25/07/2018 17:30;25/07/2018 18:00;143
25/07/2018 18:00;25/07/2018 18:30;113
25/07/2018 18:30;25/07/2018 19:00;97
25/07/2018 19:00;25/07/2018 19:30;89
25/07/2018 19:30;25/07/2018 20:00;82
25/07/2018 20:00;25/07/2018 20:30;76
25/07/2018 20:30;25/07/2018 21:00;61
25/07/2018 21:00;25/07/2018 21:30;54
25/07/2018 21:30;25/07/2018 22:00;40
25/07/2018 22:00;25/07/2018 22:30;33
25/07/2018 22:30;25/07/2018 23:00;36
25/07/2018 23:00;25/07/2018 23:30;31
25/07/2018 23:30;26/07/2018 0:00;27
26/07/2018 0:00;26/07/2018 0:30;29
26/07/2018 0:30;26/07/2018 1:00;31
26/07/2018 1:00;26/07/2018 1:30;28
26/07/2018 1:30;26/07/2018 2:00;26
26/07/2018 2:00;26/07/2018 2:30;23
26/07/2018 2:30;26/07/2018 3:00;25
26/07/2018 3:00;26/07/2018 3:30;23
26/07/2018 3:30;26/07/2018 4:00;20
26/07/2018 4:00;26/07/2018 4:30;18
26/07/2018 4:30;26/07/2018 5:00;18
26/07/2018 5:00;26/07/2018 5:30;16
26/07/2018 5:30;26/07/2018 6:00;16
26/07/2018 6:00;26/07/2018 6:30;18
26/07/2018 6:30;26/07/2018 7:00;16
26/07/2018 7:00;26/07/2018 7:30;11
26/07/2018 7:30;26/07/2018 8:00;20
26/07/2018 8:00;26/07/2018 8:30;31
26/07/2018 8:30;26/07/2018 9:00;33
26/07/2018 9:00;26/07/2018 9:30;31
26/07/2018 9:30;26/07/2018 10:00;44
26/07/2018 10:00;26/07/2018 10:30;56
26/07/2018 10:30;26/07/2018 11:00;69
26/07/2018 11:00;26/07/2018 11:30;79
26/07/2018 11:30;26/07/2018 12:00;91
26/07/2018 12:00;26/07/2018 12:30;108
26/07/2018 12:30;26/07/2018 13:00;112
26/07/2018 13:00;26/07/2018 13:30;114
26/07/2018 13:30;26/07/2018 14:00;117
26/07/2018 14:00;26/07/2018 14:30;118
26/07/2018 14:30;26/07/2018 15:00;116
26/07/2018 15:00;26/07/2018 15:30;116
26/07/2018 15:30;26/07/2018 16:00;123
26/07/2018 16:00;26/07/2018 16:30;125
26/07/2018 16:30;26/07/2018 17:00;127
26/07/2018 17:00;26/07/2018 17:30;159
26/07/2018 17:30;26/07/2018 18:00;156
26/07/2018 18:00;26/07/2018 18:30;151
26/07/2018 18:30;26/07/2018 19:00;144
26/07/2018 19:00;26/07/2018 19:30;133
26/07/2018 19:30;26/07/2018 20:00;124
26/07/2018 20:00;26/07/2018 20:30;105
26/07/2018 20:30;26/07/2018 21:00;90
26/07/2018 21:00;26/07/2018 21:30;83
26/07/2018 21:30;26/07/2018 22:00;56
26/07/2018 22:00;26/07/2018 22:30;41
26/07/2018 22:30;26/07/2018 23:00;38
26/07/2018 23:00;26/07/2018 23:30;34
26/07/2018 23:30;27/07/2018 0:00;40
27/07/2018 0:00;27/07/2018 0:30;44
27/07/2018 0:30;27/07/2018 1:00;41
27/07/2018 1:00;27/07/2018 1:30;41
27/07/2018 1:30;27/07/2018 2:00;35
27/07/2018 2:00;27/07/2018 2:30;33
27/07/2018 2:30;27/07/2018 3:00;38
27/07/2018 3:00;27/07/2018 3:30;33
27/07/2018 3:30;27/07/2018 4:00;38
27/07/2018 4:00;27/07/2018 4:30;40
27/07/2018 4:30;27/07/2018 5:00;30
27/07/2018 5:00;27/07/2018 5:30;24
27/07/2018 5:30;27/07/2018 6:00;25
27/07/2018 6:00;27/07/2018 6:30;26
27/07/2018 6:30;27/07/2018 7:00;28
27/07/2018 7:00;27/07/2018 7:30;22
27/07/2018 7:30;27/07/2018 8:00;31
27/07/2018 8:00;27/07/2018 8:30;34
27/07/2018 8:30;27/07/2018 9:00;36
27/07/2018 9:00;27/07/2018 9:30;47
27/07/2018 9:30;27/07/2018 10:00;49
27/07/2018 10:00;27/07/2018 10:30;56
27/07/2018 10:30;27/07/2018 11:00;66
27/07/2018 11:00;27/07/2018 11:30;87
27/07/2018 11:30;27/07/2018 12:00;98
27/07/2018 12:00;27/07/2018 12:30;112
27/07/2018 12:30;27/07/2018 13:00;120
27/07/2018 13:00;27/07/2018 13:30;125
27/07/2018 13:30;27/07/2018 14:00;125
27/07/2018 14:00;27/07/2018 14:30;129
27/07/2018 14:30;27/07/2018 15:00;131
27/07/2018 15:00;27/07/2018 15:30;135
27/07/2018 15:30;27/07/2018 16:00;132
27/07/2018 16:00;27/07/2018 16:30;130
27/07/2018 16:30;27/07/2018 17:00;133
27/07/2018 17:00;27/07/2018 17:30;142
27/07/2018 17:30;27/07/2018 18:00;131
27/07/2018 18:00;27/07/2018 18:30;126
27/07/2018 18:30;27/07/2018 19:00;121
27/07/2018 19:00;27/07/2018 19:30;122
27/07/2018 19:30;27/07/2018 20:00;109
27/07/2018 20:00;27/07/2018 20:30;88
27/07/2018 20:30;27/07/2018 21:00;96
27/07/2018 21:00;27/07/2018 21:30;83
27/07/2018 21:30;27/07/2018 22:00;60
27/07/2018 22:00;27/07/2018 22:30;63
27/07/2018 22:30;27/07/2018 23:00;60
27/07/2018 23:00;27/07/2018 23:30;61
27/07/2018 23:30;28/07/2018 0:00;44
28/07/2018 0:00;28/07/2018 0:30;50
28/07/2018 0:30;28/07/2018 1:00;40
28/07/2018 1:00;28/07/2018 1:30;31
28/07/2018 1:30;28/07/2018 2:00;49
28/07/2018 2:00;28/07/2018 2:30;45
28/07/2018 2:30;28/07/2018 3:00;33
28/07/2018 3:00;28/07/2018 3:30;30
28/07/2018 3:30;28/07/2018 4:00;29
28/07/2018 4:00;28/07/2018 4:30;35
28/07/2018 4:30;28/07/2018 5:00;32
28/07/2018 5:00;28/07/2018 5:30;37
28/07/2018 5:30;28/07/2018 6:00;34
28/07/2018 6:00;28/07/2018 6:30;31
28/07/2018 6:30;28/07/2018 7:00;24
28/07/2018 7:00;28/07/2018 7:30;25
28/07/2018 7:30;28/07/2018 8:00;25
28/07/2018 8:00;28/07/2018 8:30;28
28/07/2018 8:30;28/07/2018 9:00;41
28/07/2018 9:00;28/07/2018 9:30;55
28/07/2018 9:30;28/07/2018 10:00;54
28/07/2018 10:00;28/07/2018 10:30;68
28/07/2018 10:30;28/07/2018 11:00;83
28/07/2018 11:00;28/07/2018 11:30;94
28/07/2018 11:30;28/07/2018 12:00;100
28/07/2018 12:00;28/07/2018 12:30;114
28/07/2018 12:30;28/07/2018 13:00;119
28/07/2018 13:00;28/07/2018 13:30;123
28/07/2018 13:30;28/07/2018 14:00;119
28/07/2018 14:00;28/07/2018 14:30;109
28/07/2018 14:30;28/07/2018 15:00;109
28/07/2018 15:00;28/07/2018 15:30;115
28/07/2018 15:30;28/07/2018 16:00;118
28/07/2018 16:00;28/07/2018 16:30;120
28/07/2018 16:30;28/07/2018 17:00;113
28/07/2018 17:00;28/07/2018 17:30;100
28/07/2018 17:30;28/07/2018 18:00;92
28/07/2018 18:00;28/07/2018 18:30;88
28/07/2018 18:30;28/07/2018 19:00;80
28/07/2018 19:00;28/07/2018 19:30;81
28/07/2018 19:30;28/07/2018 20:00;76
28/07/2018 20:00;28/07/2018 20:30;70
28/07/2018 20:30;28/07/2018 21:00;66
28/07/2018 21:00;28/07/2018 21:30;64
28/07/2018 21:30;28/07/2018 22:00;62
28/07/2018 22:00;28/07/2018 22:30;64
28/07/2018 22:30;28/07/2018 23:00;62
28/07/2018 23:00;28/07/2018 23:30;55
28/07/2018 23:30;29/07/2018 0:00;50
29/07/2018 0:00;29/07/2018 0:30;42
29/07/2018 0:30;29/07/2018 1:00;34
29/07/2018 1:00;29/07/2018 1:30;28
29/07/2018 1:30;29/07/2018 2:00;25
29/07/2018 2:00;29/07/2018 2:30;22
29/07/2018 2:30;29/07/2018 3:00;22
29/07/2018 3:00;29/07/2018 3:30;23
29/07/2018 3:30;29/07/2018 4:00;27
29/07/2018 4:00;29/07/2018 4:30;30
29/07/2018 4:30;29/07/2018 5:00;25
29/07/2018 5:00;29/07/2018 5:30;29
29/07/2018 5:30;29/07/2018 6:00;27
29/07/2018 6:00;29/07/2018 6:30;28
29/07/2018 6:30;29/07/2018 7:00;18
29/07/2018 7:00;29/07/2018 7:30;19
29/07/2018 7:30;29/07/2018 8:00;23
29/07/2018 8:00;29/07/2018 8:30;32
29/07/2018 8:30;29/07/2018 9:00;36
29/07/2018 9:00;29/07/2018 9:30;34
29/07/2018 9:30;29/07/2018 10:00;48
29/07/2018 10:00;29/07/2018 10:30;60
29/07/2018 10:30;29/07/2018 11:00;71
29/07/2018 11:00;29/07/2018 11:30;81
29/07/2018 11:30;29/07/2018 12:00;86
29/07/2018 12:00;29/07/2018 12:30;93
29/07/2018 12:30;29/07/2018 13:00;96
29/07/2018 13:00;29/07/2018 13:30;95
29/07/2018 13:30;29/07/2018 14:00;94
29/07/2018 14:00;29/07/2018 14:30;98
29/07/2018 14:30;29/07/2018 15:00;101
29/07/2018 15:00;29/07/2018 15:30;104
29/07/2018 15:30;29/07/2018 16:00;112
29/07/2018 16:00;29/07/2018 16:30;114
29/07/2018 16:30;29/07/2018 17:00;118
29/07/2018 17:00;29/07/2018 17:30;122
29/07/2018 17:30;29/07/2018 18:00;115
29/07/2018 18:00;29/07/2018 18:30;111
29/07/2018 18:30;29/07/2018 19:00;103
29/07/2018 19:00;29/07/2018 19:30;99
29/07/2018 19:30;29/07/2018 20:00;93
29/07/2018 20:00;29/07/2018 20:30;85
29/07/2018 20:30;29/07/2018 21:00;79
29/07/2018 21:00;29/07/2018 21:30;75
29/07/2018 21:30;29/07/2018 22:00;68
29/07/2018 22:00;29/07/2018 22:30;53
29/07/2018 22:30;29/07/2018 23:00;43
29/07/2018 23:00;29/07/2018 23:30;42
29/07/2018 23:30;30/07/2018 0:00;39
30/07/2018 0:00;30/07/2018 0:30;37
30/07/2018 0:30;30/07/2018 1:00;46
30/07/2018 1:00;30/07/2018 1:30;41
30/07/2018 1:30;30/07/2018 2:00;37
30/07/2018 2:00;30/07/2018 2:30;31
30/07/2018 2:30;30/07/2018 3:00;29
30/07/2018 3:00;30/07/2018 3:30;25
30/07/2018 3:30;30/07/2018 4:00;27
30/07/2018 4:00;30/07/2018 4:30;26
30/07/2018 4:30;30/07/2018 5:00;27
30/07/2018 5:00;30/07/2018 5:30;27
30/07/2018 5:30;30/07/2018 6:00;25
30/07/2018 6:00;30/07/2018 6:30;24
30/07/2018 6:30;30/07/2018 7:00;25
30/07/2018 7:00;30/07/2018 7:30;23
30/07/2018 7:30;30/07/2018 8:00;35
30/07/2018 8:00;30/07/2018 8:30;36
30/07/2018 8:30;30/07/2018 9:00;37
30/07/2018 9:00;30/07/2018 9:30;43
30/07/2018 9:30;30/07/2018 10:00;49
30/07/2018 10:00;30/07/2018 10:30;63
30/07/2018 10:30;30/07/2018 11:00;77
30/07/2018 11:00;30/07/2018 11:30;89
30/07/2018 11:30;30/07/2018 12:00;96
30/07/2018 12:00;30/07/2018 12:30;106
30/07/2018 12:30;30/07/2018 13:00;97
30/07/2018 13:00;30/07/2018 13:30;105
30/07/2018 13:30;30/07/2018 14:00;104
30/07/2018 14:00;30/07/2018 14:30;103
30/07/2018 14:30;30/07/2018 15:00;103
30/07/2018 15:00;30/07/2018 15:30;102
30/07/2018 15:30;30/07/2018 16:00;106
30/07/2018 16:00;30/07/2018 16:30;124
30/07/2018 16:30;30/07/2018 17:00;124
30/07/2018 17:00;30/07/2018 17:30;122
30/07/2018 17:30;30/07/2018 18:00;121
30/07/2018 18:00;30/07/2018 18:30;116
30/07/2018 18:30;30/07/2018 19:00;110
30/07/2018 19:00;30/07/2018 19:30;106
30/07/2018 19:30;30/07/2018 20:00;94
30/07/2018 20:00;30/07/2018 20:30;88
30/07/2018 20:30;30/07/2018 21:00;85
30/07/2018 21:00;30/07/2018 21:30;70
30/07/2018 21:30;30/07/2018 22:00;55
30/07/2018 22:00;30/07/2018 22:30;50
30/07/2018 22:30;30/07/2018 23:00;51
30/07/2018 23:00;30/07/2018 23:30;58
30/07/2018 23:30;31/07/2018 0:00;56
31/07/2018 0:00;31/07/2018 0:30;48
31/07/2018 0:30;31/07/2018 1:00;44
31/07/2018 1:00;31/07/2018 1:30;40
31/07/2018 1:30;31/07/2018 2:00;38
31/07/2018 2:00;31/07/2018 2:30;40
31/07/2018 2:30;31/07/2018 3:00;39
31/07/2018 3:00;31/07/2018 3:30;34
31/07/2018 3:30;31/07/2018 4:00;31
31/07/2018 4:00;31/07/2018 4:30;29
31/07/2018 4:30;31/07/2018 5:00;33
31/07/2018 5:00;31/07/2018 5:30;31
31/07/2018 5:30;31/07/2018 6:00;24
31/07/2018 6:00;31/07/2018 6:30;24
31/07/2018 6:30;31/07/2018 7:00;23
31/07/2018 7:00;31/07/2018 7:30;22
31/07/2018 7:30;31/07/2018 8:00;30
31/07/2018 8:00;31/07/2018 8:30;37
31/07/2018 8:30;31/07/2018 9:00;40
31/07/2018 9:00;31/07/2018 9:30;43
31/07/2018 9:30;31/07/2018 10:00;50
31/07/2018 10:00;31/07/2018 10:30;65
31/07/2018 10:30;31/07/2018 11:00;80
31/07/2018 11:00;31/07/2018 11:30;96
31/07/2018 11:30;31/07/2018 12:00;106
31/07/2018 12:00;31/07/2018 12:30;117
31/07/2018 12:30;31/07/2018 13:00;122
31/07/2018 13:00;31/07/2018 13:30;122
31/07/2018 13:30;31/07/2018 14:00;124
31/07/2018 14:00;31/07/2018 14:30;120
31/07/2018 14:30;31/07/2018 15:00;133
31/07/2018 15:00;31/07/2018 15:30;135
31/07/2018 15:30;31/07/2018 16:00;126
31/07/2018 16:00;31/07/2018 16:30;112
31/07/2018 16:30;31/07/2018 17:00;103
31/07/2018 17:00;31/07/2018 17:30;113
31/07/2018 17:30;31/07/2018 18:00;119
31/07/2018 18:00;31/07/2018 18:30;125
31/07/2018 18:30;31/07/2018 19:00;122
31/07/2018 19:00;31/07/2018 19:30;109
31/07/2018 19:30;31/07/2018 20:00;92
31/07/2018 20:00;31/07/2018 20:30;86
31/07/2018 20:30;31/07/2018 21:00;78
31/07/2018 21:00;31/07/2018 21:30;75
31/07/2018 21:30;31/07/2018 22:00;70
31/07/2018 22:00;31/07/2018 22:30;58
31/07/2018 22:30;31/07/2018 23:00;49
31/07/2018 23:00;31/07/2018 23:30;40
31/07/2018 23:30;01/08/2018 0:00;37
01/08/2018 0:00;01/08/2018 0:30;36
01/08/2018 0:30;01/08/2018 1:00;35
01/08/2018 1:00;01/08/2018 1:30;32
01/08/2018 1:30;01/08/2018 2:00;32
01/08/2018 2:00;01/08/2018 2:30;28
01/08/2018 2:30;01/08/2018 3:00;29
01/08/2018 3:00;01/08/2018 3:30;31
01/08/2018 3:30;01/08/2018 4:00;32
01/08/2018 4:00;01/08/2018 4:30;30
01/08/2018 4:30;01/08/2018 5:00;26
01/08/2018 5:00;01/08/2018 5:30;27
01/08/2018 5:30;01/08/2018 6:00;27
01/08/2018 6:00;01/08/2018 6:30;31
01/08/2018 6:30;01/08/2018 7:00;30
01/08/2018 7:00;01/08/2018 7:30;29
01/08/2018 7:30;01/08/2018 8:00;30
01/08/2018 8:00;01/08/2018 8:30;41
01/08/2018 8:30;01/08/2018 9:00;43
01/08/2018 9:00;01/08/2018 9:30;46
01/08/2018 9:30;01/08/2018 10:00;51
01/08/2018 10:00;01/08/2018 10:30;60
01/08/2018 10:30;01/08/2018 11:00;71
01/08/2018 11:00;01/08/2018 11:30;90
01/08/2018 11:30;01/08/2018 12:00;99
01/08/2018 12:00;01/08/2018 12:30;111
01/08/2018 12:30;01/08/2018 13:00;113
01/08/2018 13:00;01/08/2018 13:30;112
01/08/2018 13:30;01/08/2018 14:00;111
01/08/2018 14:00;01/08/2018 14:30;110
01/08/2018 14:30;01/08/2018 15:00;110
01/08/2018 15:00;01/08/2018 15:30;111
01/08/2018 15:30;01/08/2018 16:00;112
01/08/2018 16:00;01/08/2018 16:30;118
01/08/2018 16:30;01/08/2018 17:00;139
01/08/2018 17:00;01/08/2018 17:30;140
01/08/2018 17:30;01/08/2018 18:00;97
01/08/2018 18:00;01/08/2018 18:30;89
01/08/2018 18:30;01/08/2018 19:00;87
01/08/2018 19:00;01/08/2018 19:30;96
01/08/2018 19:30;01/08/2018 20:00;99
01/08/2018 20:00;01/08/2018 20:30;81
01/08/2018 20:30;01/08/2018 21:00;62
01/08/2018 21:00;01/08/2018 21:30;52
01/08/2018 21:30;01/08/2018 22:00;43
01/08/2018 22:00;01/08/2018 22:30;39
01/08/2018 22:30;01/08/2018 23:00;36
01/08/2018 23:00;01/08/2018 23:30;34
01/08/2018 23:30;02/08/2018 0:00;37
02/08/2018 0:00;02/08/2018 0:30;35
02/08/2018 0:30;02/08/2018 1:00;38
02/08/2018 1:00;02/08/2018 1:30;32
02/08/2018 1:30;02/08/2018 2:00;30
02/08/2018 2:00;02/08/2018 2:30;29
02/08/2018 2:30;02/08/2018 3:00;33
02/08/2018 3:00;02/08/2018 3:30;34
02/08/2018 3:30;02/08/2018 4:00;32
02/08/2018 4:00;02/08/2018 4:30;28
02/08/2018 4:30;02/08/2018 5:00;28
02/08/2018 5:00;02/08/2018 5:30;26
02/08/2018 5:30;02/08/2018 6:00;23
02/08/2018 6:00;02/08/2018 6:30;24
02/08/2018 6:30;02/08/2018 7:00;34
02/08/2018 7:00;02/08/2018 7:30;28
02/08/2018 7:30;02/08/2018 8:00;29
02/08/2018 8:00;02/08/2018 8:30;42
02/08/2018 8:30;02/08/2018 9:00;40
02/08/2018 9:00;02/08/2018 9:30;45
02/08/2018 9:30;02/08/2018 10:00;54
02/08/2018 10:00;02/08/2018 10:30;59
02/08/2018 10:30;02/08/2018 11:00;70
02/08/2018 11:00;02/08/2018 11:30;85
02/08/2018 11:30;02/08/2018 12:00;97
02/08/2018 12:00;02/08/2018 12:30;112
02/08/2018 12:30;02/08/2018 13:00;119
02/08/2018 13:00;02/08/2018 13:30;121
02/08/2018 13:30;02/08/2018 14:00;123
02/08/2018 14:00;02/08/2018 14:30;119
02/08/2018 14:30;02/08/2018 15:00;121
02/08/2018 15:00;02/08/2018 15:30;122
02/08/2018 15:30;02/08/2018 16:00;145
02/08/2018 16:00;02/08/2018 16:30;148
02/08/2018 16:30;02/08/2018 17:00;140
02/08/2018 17:00;02/08/2018 17:30;140
02/08/2018 17:30;02/08/2018 18:00;138
02/08/2018 18:00;02/08/2018 18:30;130
02/08/2018 18:30;02/08/2018 19:00;125
02/08/2018 19:00;02/08/2018 19:30;103
02/08/2018 19:30;02/08/2018 20:00;84
02/08/2018 20:00;02/08/2018 20:30;79
02/08/2018 20:30;02/08/2018 21:00;77
02/08/2018 21:00;02/08/2018 21:30;57
02/08/2018 21:30;02/08/2018 22:00;43
02/08/2018 22:00;02/08/2018 22:30;44
02/08/2018 22:30;02/08/2018 23:00;38
02/08/2018 23:00;02/08/2018 23:30;35
02/08/2018 23:30;03/08/2018 0:00;32
03/08/2018 0:00;03/08/2018 0:30;33
03/08/2018 0:30;03/08/2018 1:00;29
03/08/2018 1:00;03/08/2018 1:30;28
03/08/2018 1:30;03/08/2018 2:00;31
03/08/2018 2:00;03/08/2018 2:30;29
03/08/2018 2:30;03/08/2018 3:00;31
03/08/2018 3:00;03/08/2018 3:30;28
03/08/2018 3:30;03/08/2018 4:00;36
03/08/2018 4:00;03/08/2018 4:30;32
03/08/2018 4:30;03/08/2018 5:00;31
03/08/2018 5:00;03/08/2018 5:30;30
03/08/2018 5:30;03/08/2018 6:00;28
03/08/2018 6:00;03/08/2018 6:30;27
03/08/2018 6:30;03/08/2018 7:00;29
03/08/2018 7:00;03/08/2018 7:30;28
03/08/2018 7:30;03/08/2018 8:00;36
03/08/2018 8:00;03/08/2018 8:30;39
03/08/2018 8:30;03/08/2018 9:00;36
03/08/2018 9:00;03/08/2018 9:30;45
03/08/2018 9:30;03/08/2018 10:00;48
03/08/2018 10:00;03/08/2018 10:30;59
03/08/2018 10:30;03/08/2018 11:00;72
03/08/2018 11:00;03/08/2018 11:30;91
03/08/2018 11:30;03/08/2018 12:00;103
03/08/2018 12:00;03/08/2018 12:30;113
03/08/2018 12:30;03/08/2018 13:00;114
03/08/2018 13:00;03/08/2018 13:30;107
03/08/2018 13:30;03/08/2018 14:00;109
03/08/2018 14:00;03/08/2018 14:30;108
03/08/2018 14:30;03/08/2018 15:00;116
03/08/2018 15:00;03/08/2018 15:30;116
03/08/2018 15:30;03/08/2018 16:00;130
03/08/2018 16:00;03/08/2018 16:30;135
03/08/2018 16:30;03/08/2018 17:00;132
03/08/2018 17:00;03/08/2018 17:30;134
03/08/2018 17:30;03/08/2018 18:00;134
03/08/2018 18:00;03/08/2018 18:30;123
03/08/2018 18:30;03/08/2018 19:00;122
03/08/2018 19:00;03/08/2018 19:30;106
03/08/2018 19:30;03/08/2018 20:00;101
03/08/2018 20:00;03/08/2018 20:30;102
03/08/2018 20:30;03/08/2018 21:00;85
03/08/2018 21:00;03/08/2018 21:30;50
03/08/2018 21:30;03/08/2018 22:00;45
03/08/2018 22:00;03/08/2018 22:30;48
03/08/2018 22:30;03/08/2018 23:00;43
03/08/2018 23:00;03/08/2018 23:30;45
03/08/2018 23:30;04/08/2018 0:00;41
04/08/2018 0:00;04/08/2018 0:30;45
04/08/2018 0:30;04/08/2018 1:00;40
04/08/2018 1:00;04/08/2018 1:30;35
04/08/2018 1:30;04/08/2018 2:00;34
04/08/2018 2:00;04/08/2018 2:30;38
04/08/2018 2:30;04/08/2018 3:00;33
04/08/2018 3:00;04/08/2018 3:30;32
04/08/2018 3:30;04/08/2018 4:00;38
04/08/2018 4:00;04/08/2018 4:30;33
04/08/2018 4:30;04/08/2018 5:00;30
04/08/2018 5:00;04/08/2018 5:30;32
04/08/2018 5:30;04/08/2018 6:00;24
04/08/2018 6:00;04/08/2018 6:30;26
04/08/2018 6:30;04/08/2018 7:00;23
04/08/2018 7:00;04/08/2018 7:30;21
04/08/2018 7:30;04/08/2018 8:00;28
04/08/2018 8:00;04/08/2018 8:30;37
04/08/2018 8:30;04/08/2018 9:00;42
04/08/2018 9:00;04/08/2018 9:30;45
04/08/2018 9:30;04/08/2018 10:00;53
04/08/2018 10:00;04/08/2018 10:30;65
04/08/2018 10:30;04/08/2018 11:00;78
04/08/2018 11:00;04/08/2018 11:30;89
04/08/2018 11:30;04/08/2018 12:00;102
04/08/2018 12:00;04/08/2018 12:30;114
04/08/2018 12:30;04/08/2018 13:00;121
04/08/2018 13:00;04/08/2018 13:30;122
04/08/2018 13:30;04/08/2018 14:00;116
04/08/2018 14:00;04/08/2018 14:30;118
04/08/2018 14:30;04/08/2018 15:00;111
04/08/2018 15:00;04/08/2018 15:30;109
04/08/2018 15:30;04/08/2018 16:00;115
04/08/2018 16:00;04/08/2018 16:30;114
04/08/2018 16:30;04/08/2018 17:00;125
04/08/2018 17:00;04/08/2018 17:30;120
04/08/2018 17:30;04/08/2018 18:00;118
04/08/2018 18:00;04/08/2018 18:30;119
04/08/2018 18:30;04/08/2018 19:00;118
04/08/2018 19:00;04/08/2018 19:30;113
04/08/2018 19:30;04/08/2018 20:00;102
04/08/2018 20:00;04/08/2018 20:30;96
04/08/2018 20:30;04/08/2018 21:00;82
04/08/2018 21:00;04/08/2018 21:30;68
04/08/2018 21:30;04/08/2018 22:00;62
04/08/2018 22:00;04/08/2018 22:30;56
04/08/2018 22:30;04/08/2018 23:00;46
04/08/2018 23:00;04/08/2018 23:30;54
04/08/2018 23:30;05/08/2018 0:00;54
05/08/2018 0:00;05/08/2018 0:30;48
05/08/2018 0:30;05/08/2018 1:00;45
05/08/2018 1:00;05/08/2018 1:30;49
05/08/2018 1:30;05/08/2018 2:00;48
05/08/2018 2:00;05/08/2018 2:30;41
05/08/2018 2:30;05/08/2018 3:00;38
05/08/2018 3:00;05/08/2018 3:30;35
05/08/2018 3:30;05/08/2018 4:00;32
05/08/2018 4:00;05/08/2018 4:30;34
05/08/2018 4:30;05/08/2018 5:00;32
05/08/2018 5:00;05/08/2018 5:30;32
05/08/2018 5:30;05/08/2018 6:00;34
05/08/2018 6:00;05/08/2018 6:30;28
05/08/2018 6:30;05/08/2018 7:00;27
05/08/2018 7:00;05/08/2018 7:30;30
05/08/2018 7:30;05/08/2018 8:00;37
05/08/2018 8:00;05/08/2018 8:30;44
05/08/2018 8:30;05/08/2018 9:00;55
05/08/2018 9:00;05/08/2018 9:30;62
05/08/2018 9:30;05/08/2018 10:00;65
05/08/2018 10:00;05/08/2018 10:30;68
05/08/2018 10:30;05/08/2018 11:00;81
05/08/2018 11:00;05/08/2018 11:30;91
05/08/2018 11:30;05/08/2018 12:00;102
05/08/2018 12:00;05/08/2018 12:30;118
05/08/2018 12:30;05/08/2018 13:00;119
05/08/2018 13:00;05/08/2018 13:30;123
05/08/2018 13:30;05/08/2018 14:00;124
05/08/2018 14:00;05/08/2018 14:30;115
05/08/2018 14:30;05/08/2018 15:00;120
05/08/2018 15:00;05/08/2018 15:30;119
05/08/2018 15:30;05/08/2018 16:00;122
05/08/2018 16:00;05/08/2018 16:30;128
05/08/2018 16:30;05/08/2018 17:00;
05/08/2018 17:00;05/08/2018 17:30;
05/08/2018 17:30;05/08/2018 18:00;24
05/08/2018 18:00;05/08/2018 18:30;34
05/08/2018 18:30;05/08/2018 19:00;39
05/08/2018 19:00;05/08/2018 19:30;37
05/08/2018 19:30;05/08/2018 20:00;37
05/08/2018 20:00;05/08/2018 20:30;37
05/08/2018 20:30;05/08/2018 21:00;36
05/08/2018 21:00;05/08/2018 21:30;35
05/08/2018 21:30;05/08/2018 22:00;36
05/08/2018 22:00;05/08/2018 22:30;36
05/08/2018 22:30;05/08/2018 23:00;29
05/08/2018 23:00;05/08/2018 23:30;32
05/08/2018 23:30;06/08/2018 0:00;29
06/08/2018 0:00;06/08/2018 0:30;29
06/08/2018 0:30;06/08/2018 1:00;31
06/08/2018 1:00;06/08/2018 1:30;33
06/08/2018 1:30;06/08/2018 2:00;37
06/08/2018 2:00;06/08/2018 2:30;31
06/08/2018 2:30;06/08/2018 3:00;26
06/08/2018 3:00;06/08/2018 3:30;28
06/08/2018 3:30;06/08/2018 4:00;30
06/08/2018 4:00;06/08/2018 4:30;27
06/08/2018 4:30;06/08/2018 5:00;29
06/08/2018 5:00;06/08/2018 5:30;31
06/08/2018 5:30;06/08/2018 6:00;27
06/08/2018 6:00;06/08/2018 6:30;30
06/08/2018 6:30;06/08/2018 7:00;29
06/08/2018 7:00;06/08/2018 7:30;36
06/08/2018 7:30;06/08/2018 8:00;30
06/08/2018 8:00;06/08/2018 8:30;36
06/08/2018 8:30;06/08/2018 9:00;45
06/08/2018 9:00;06/08/2018 9:30;39
06/08/2018 9:30;06/08/2018 10:00;48
06/08/2018 10:00;06/08/2018 10:30;58
06/08/2018 10:30;06/08/2018 11:00;68
06/08/2018 11:00;06/08/2018 11:30;81
06/08/2018 11:30;06/08/2018 12:00;89
06/08/2018 12:00;06/08/2018 12:30;101
06/08/2018 12:30;06/08/2018 13:00;108
06/08/2018 13:00;06/08/2018 13:30;113
06/08/2018 13:30;06/08/2018 14:00;108
06/08/2018 14:00;06/08/2018 14:30;118
06/08/2018 14:30;06/08/2018 15:00;127
06/08/2018 15:00;06/08/2018 15:30;132
06/08/2018 15:30;06/08/2018 16:00;133
06/08/2018 16:00;06/08/2018 16:30;133
06/08/2018 16:30;06/08/2018 17:00;121
06/08/2018 17:00;06/08/2018 17:30;93
06/08/2018 17:30;06/08/2018 18:00;61
06/08/2018 18:00;06/08/2018 18:30;64
06/08/2018 18:30;06/08/2018 19:00;56
06/08/2018 19:00;06/08/2018 19:30;55
06/08/2018 19:30;06/08/2018 20:00;65
06/08/2018 20:00;06/08/2018 20:30;51
06/08/2018 20:30;06/08/2018 21:00;42
06/08/2018 21:00;06/08/2018 21:30;47
06/08/2018 21:30;06/08/2018 22:00;36
06/08/2018 22:00;06/08/2018 22:30;31
06/08/2018 22:30;06/08/2018 23:00;30
06/08/2018 23:00;06/08/2018 23:30;27
06/08/2018 23:30;07/08/2018 0:00;24
07/08/2018 0:00;07/08/2018 0:30;26
07/08/2018 0:30;07/08/2018 1:00;28
07/08/2018 1:00;07/08/2018 1:30;27
07/08/2018 1:30;07/08/2018 2:00;27
07/08/2018 2:00;07/08/2018 2:30;27
07/08/2018 2:30;07/08/2018 3:00;25
07/08/2018 3:00;07/08/2018 3:30;24
07/08/2018 3:30;07/08/2018 4:00;25
07/08/2018 4:00;07/08/2018 4:30;22
07/08/2018 4:30;07/08/2018 5:00;26
07/08/2018 5:00;07/08/2018 5:30;28
07/08/2018 5:30;07/08/2018 6:00;25
07/08/2018 6:00;07/08/2018 6:30;22
07/08/2018 6:30;07/08/2018 7:00;18
07/08/2018 7:00;07/08/2018 7:30;26
07/08/2018 7:30;07/08/2018 8:00;29
07/08/2018 8:00;07/08/2018 8:30;46
07/08/2018 8:30;07/08/2018 9:00;46
07/08/2018 9:00;07/08/2018 9:30;47
07/08/2018 9:30;07/08/2018 10:00;53
07/08/2018 10:00;07/08/2018 10:30;62
07/08/2018 10:30;07/08/2018 11:00;77
07/08/2018 11:00;07/08/2018 11:30;82
07/08/2018 11:30;07/08/2018 12:00;96
07/08/2018 12:00;07/08/2018 12:30;108
07/08/2018 12:30;07/08/2018 13:00;114
07/08/2018 13:00;07/08/2018 13:30;111
07/08/2018 13:30;07/08/2018 14:00;110
07/08/2018 14:00;07/08/2018 14:30;111
07/08/2018 14:30;07/08/2018 15:00;114
07/08/2018 15:00;07/08/2018 15:30;111
07/08/2018 15:30;07/08/2018 16:00;111
07/08/2018 16:00;07/08/2018 16:30;111
07/08/2018 16:30;07/08/2018 17:00;113
07/08/2018 17:00;07/08/2018 17:30;121
07/08/2018 17:30;07/08/2018 18:00;113
07/08/2018 18:00;07/08/2018 18:30;89
07/08/2018 18:30;07/08/2018 19:00;99
07/08/2018 19:00;07/08/2018 19:30;134
07/08/2018 19:30;07/08/2018 20:00;122
07/08/2018 20:00;07/08/2018 20:30;111
07/08/2018 20:30;07/08/2018 21:00;106
07/08/2018 21:00;07/08/2018 21:30;112
07/08/2018 21:30;07/08/2018 22:00;127
07/08/2018 22:00;07/08/2018 22:30;107
07/08/2018 22:30;07/08/2018 23:00;79
07/08/2018 23:00;07/08/2018 23:30;63
07/08/2018 23:30;08/08/2018 0:00;69
08/08/2018 0:00;08/08/2018 0:30;49
08/08/2018 0:30;08/08/2018 1:00;67
08/08/2018 1:00;08/08/2018 1:30;66
08/08/2018 1:30;08/08/2018 2:00;67
08/08/2018 2:00;08/08/2018 2:30;100
08/08/2018 2:30;08/08/2018 3:00;93
08/08/2018 3:00;08/08/2018 3:30;60
08/08/2018 3:30;08/08/2018 4:00;38
08/08/2018 4:00;08/08/2018 4:30;36
08/08/2018 4:30;08/08/2018 5:00;28
08/08/2018 5:00;08/08/2018 5:30;24
08/08/2018 5:30;08/08/2018 6:00;21
08/08/2018 6:00;08/08/2018 6:30;22
08/08/2018 6:30;08/08/2018 7:00;18
08/08/2018 7:00;08/08/2018 7:30;20
08/08/2018 7:30;08/08/2018 8:00;20
08/08/2018 8:00;08/08/2018 8:30;23
08/08/2018 8:30;08/08/2018 9:00;24
08/08/2018 9:00;08/08/2018 9:30;36
08/08/2018 9:30;08/08/2018 10:00;44
08/08/2018 10:00;08/08/2018 10:30;57
08/08/2018 10:30;08/08/2018 11:00;61
08/08/2018 11:00;08/08/2018 11:30;70
08/08/2018 11:30;08/08/2018 12:00;83
08/08/2018 12:00;08/08/2018 12:30;86
08/08/2018 12:30;08/08/2018 13:00;93
08/08/2018 13:00;08/08/2018 13:30;86
08/08/2018 13:30;08/08/2018 14:00;85
08/08/2018 14:00;08/08/2018 14:30;92
08/08/2018 14:30;08/08/2018 15:00;96
08/08/2018 15:00;08/08/2018 15:30;83
08/08/2018 15:30;08/08/2018 16:00;110
08/08/2018 16:00;08/08/2018 16:30;115
08/08/2018 16:30;08/08/2018 17:00;109
08/08/2018 17:00;08/08/2018 17:30;123
08/08/2018 17:30;08/08/2018 18:00;126
08/08/2018 18:00;08/08/2018 18:30;119
08/08/2018 18:30;08/08/2018 19:00;94
08/08/2018 19:00;08/08/2018 19:30;112
08/08/2018 19:30;08/08/2018 20:00;90
08/08/2018 20:00;08/08/2018 20:30;63
08/08/2018 20:30;08/08/2018 21:00;40
08/08/2018 21:00;08/08/2018 21:30;38
08/08/2018 21:30;08/08/2018 22:00;34
08/08/2018 22:00;08/08/2018 22:30;32
08/08/2018 22:30;08/08/2018 23:00;28
08/08/2018 23:00;08/08/2018 23:30;24
08/08/2018 23:30;09/08/2018 0:00;21
09/08/2018 0:00;09/08/2018 0:30;25
09/08/2018 0:30;09/08/2018 1:00;26
09/08/2018 1:00;09/08/2018 1:30;24
09/08/2018 1:30;09/08/2018 2:00;20
09/08/2018 2:00;09/08/2018 2:30;18
09/08/2018 2:30;09/08/2018 3:00;19
09/08/2018 3:00;09/08/2018 3:30;17
09/08/2018 3:30;09/08/2018 4:00;21
09/08/2018 4:00;09/08/2018 4:30;22
09/08/2018 4:30;09/08/2018 5:00;20
09/08/2018 5:00;09/08/2018 5:30;19
09/08/2018 5:30;09/08/2018 6:00;17
09/08/2018 6:00;09/08/2018 6:30;17
09/08/2018 6:30;09/08/2018 7:00;16
09/08/2018 7:00;09/08/2018 7:30;16
09/08/2018 7:30;09/08/2018 8:00;18
09/08/2018 8:00;09/08/2018 8:30;26
09/08/2018 8:30;09/08/2018 9:00;30
09/08/2018 9:00;09/08/2018 9:30;22
09/08/2018 9:30;09/08/2018 10:00;30
09/08/2018 10:00;09/08/2018 10:30;57
09/08/2018 10:30;09/08/2018 11:00;64
09/08/2018 11:00;09/08/2018 11:30;48
09/08/2018 11:30;09/08/2018 12:00;46
09/08/2018 12:00;09/08/2018 12:30;59
09/08/2018 12:30;09/08/2018 13:00;55
09/08/2018 13:00;09/08/2018 13:30;64
09/08/2018 13:30;09/08/2018 14:00;83
09/08/2018 14:00;09/08/2018 14:30;110
09/08/2018 14:30;09/08/2018 15:00;100
09/08/2018 15:00;09/08/2018 15:30;137
09/08/2018 15:30;09/08/2018 16:00;152
09/08/2018 16:00;09/08/2018 16:30;139
09/08/2018 16:30;09/08/2018 17:00;86
09/08/2018 17:00;09/08/2018 17:30;77
09/08/2018 17:30;09/08/2018 18:00;89
09/08/2018 18:00;09/08/2018 18:30;94
09/08/2018 18:30;09/08/2018 19:00;86
09/08/2018 19:00;09/08/2018 19:30;70
09/08/2018 19:30;09/08/2018 20:00;70
09/08/2018 20:00;09/08/2018 20:30;71
09/08/2018 20:30;09/08/2018 21:00;64
09/08/2018 21:00;09/08/2018 21:30;55
09/08/2018 21:30;09/08/2018 22:00;35
09/08/2018 22:00;09/08/2018 22:30;33
09/08/2018 22:30;09/08/2018 23:00;34
09/08/2018 23:00;09/08/2018 23:30;41
09/08/2018 23:30;10/08/2018 0:00;62
10/08/2018 0:00;10/08/2018 0:30;50
10/08/2018 0:30;10/08/2018 1:00;38
10/08/2018 1:00;10/08/2018 1:30;29
10/08/2018 1:30;10/08/2018 2:00;38
10/08/2018 2:00;10/08/2018 2:30;47
10/08/2018 2:30;10/08/2018 3:00;46
10/08/2018 3:00;10/08/2018 3:30;43
10/08/2018 3:30;10/08/2018 4:00;45
10/08/2018 4:00;10/08/2018 4:30;30
10/08/2018 4:30;10/08/2018 5:00;27
10/08/2018 5:00;10/08/2018 5:30;21
10/08/2018 5:30;10/08/2018 6:00;30
10/08/2018 6:00;10/08/2018 6:30;36
10/08/2018 6:30;10/08/2018 7:00;27
10/08/2018 7:00;10/08/2018 7:30;25
10/08/2018 7:30;10/08/2018 8:00;24
10/08/2018 8:00;10/08/2018 8:30;23
10/08/2018 8:30;10/08/2018 9:00;24
10/08/2018 9:00;10/08/2018 9:30;44
10/08/2018 9:30;10/08/2018 10:00;49
10/08/2018 10:00;10/08/2018 10:30;60
10/08/2018 10:30;10/08/2018 11:00;68
10/08/2018 11:00;10/08/2018 11:30;70
10/08/2018 11:30;10/08/2018 12:00;74
10/08/2018 12:00;10/08/2018 12:30;79
10/08/2018 12:30;10/08/2018 13:00;79
10/08/2018 13:00;10/08/2018 13:30;92
10/08/2018 13:30;10/08/2018 14:00;86
10/08/2018 14:00;10/08/2018 14:30;93
10/08/2018 14:30;10/08/2018 15:00;109
10/08/2018 15:00;10/08/2018 15:30;102
10/08/2018 15:30;10/08/2018 16:00;103
10/08/2018 16:00;10/08/2018 16:30;101
10/08/2018 16:30;10/08/2018 17:00;101
10/08/2018 17:00;10/08/2018 17:30;99
10/08/2018 17:30;10/08/2018 18:00;112
10/08/2018 18:00;10/08/2018 18:30;112
10/08/2018 18:30;10/08/2018 19:00;117
10/08/2018 19:00;10/08/2018 19:30;112
10/08/2018 19:30;10/08/2018 20:00;104
10/08/2018 20:00;10/08/2018 20:30;78
10/08/2018 20:30;10/08/2018 21:00;44
10/08/2018 21:00;10/08/2018 21:30;36
10/08/2018 21:30;10/08/2018 22:00;51
10/08/2018 22:00;10/08/2018 22:30;37
10/08/2018 22:30;10/08/2018 23:00;33
10/08/2018 23:00;10/08/2018 23:30;29
10/08/2018 23:30;11/08/2018 0:00;26
11/08/2018 0:00;11/08/2018 0:30;20
11/08/2018 0:30;11/08/2018 1:00;17
11/08/2018 1:00;11/08/2018 1:30;16
11/08/2018 1:30;11/08/2018 2:00;15
11/08/2018 2:00;11/08/2018 2:30;14
11/08/2018 2:30;11/08/2018 3:00;13
11/08/2018 3:00;11/08/2018 3:30;14
11/08/2018 3:30;11/08/2018 4:00;11
11/08/2018 4:00;11/08/2018 4:30;10
11/08/2018 4:30;11/08/2018 5:00;9
11/08/2018 5:00;11/08/2018 5:30;9
11/08/2018 5:30;11/08/2018 6:00;9
11/08/2018 6:00;11/08/2018 6:30;9
11/08/2018 6:30;11/08/2018 7:00;10
11/08/2018 7:00;11/08/2018 7:30;11
11/08/2018 7:30;11/08/2018 8:00;10
11/08/2018 8:00;11/08/2018 8:30;18
11/08/2018 8:30;11/08/2018 9:00;23
11/08/2018 9:00;11/08/2018 9:30;32
11/08/2018 9:30;11/08/2018 10:00;32
11/08/2018 10:00;11/08/2018 10:30;35
11/08/2018 10:30;11/08/2018 11:00;54
11/08/2018 11:00;11/08/2018 11:30;73
11/08/2018 11:30;11/08/2018 12:00;82
11/08/2018 12:00;11/08/2018 12:30;106
11/08/2018 12:30;11/08/2018 13:00;93
11/08/2018 13:00;11/08/2018 13:30;97
11/08/2018 13:30;11/08/2018 14:00;104
11/08/2018 14:00;11/08/2018 14:30;101
11/08/2018 14:30;11/08/2018 15:00;98
11/08/2018 15:00;11/08/2018 15:30;97
11/08/2018 15:30;11/08/2018 16:00;104
11/08/2018 16:00;11/08/2018 16:30;120
11/08/2018 16:30;11/08/2018 17:00;111
11/08/2018 17:00;11/08/2018 17:30;130
11/08/2018 17:30;11/08/2018 18:00;142
11/08/2018 18:00;11/08/2018 18:30;137
11/08/2018 18:30;11/08/2018 19:00;136
11/08/2018 19:00;11/08/2018 19:30;137
11/08/2018 19:30;11/08/2018 20:00;138
11/08/2018 20:00;11/08/2018 20:30;114
11/08/2018 20:30;11/08/2018 21:00;103
11/08/2018 21:00;11/08/2018 21:30;86
11/08/2018 21:30;11/08/2018 22:00;61
11/08/2018 22:00;11/08/2018 22:30;52
11/08/2018 22:30;11/08/2018 23:00;48
11/08/2018 23:00;11/08/2018 23:30;41
11/08/2018 23:30;12/08/2018 0:00;41
12/08/2018 0:00;12/08/2018 0:30;39
12/08/2018 0:30;12/08/2018 1:00;27
12/08/2018 1:00;12/08/2018 1:30;29
12/08/2018 1:30;12/08/2018 2:00;40
12/08/2018 2:00;12/08/2018 2:30;56
12/08/2018 2:30;12/08/2018 3:00;73
12/08/2018 3:00;12/08/2018 3:30;83
12/08/2018 3:30;12/08/2018 4:00;73
12/08/2018 4:00;12/08/2018 4:30;45
12/08/2018 4:30;12/08/2018 5:00;55
12/08/2018 5:00;12/08/2018 5:30;61
12/08/2018 5:30;12/08/2018 6:00;55
12/08/2018 6:00;12/08/2018 6:30;49
12/08/2018 6:30;12/08/2018 7:00;53
12/08/2018 7:00;12/08/2018 7:30;47
12/08/2018 7:30;12/08/2018 8:00;69
12/08/2018 8:00;12/08/2018 8:30;77
12/08/2018 8:30;12/08/2018 9:00;73
12/08/2018 9:00;12/08/2018 9:30;68
12/08/2018 9:30;12/08/2018 10:00;80
12/08/2018 10:00;12/08/2018 10:30;82
12/08/2018 10:30;12/08/2018 11:00;75
12/08/2018 11:00;12/08/2018 11:30;73
12/08/2018 11:30;12/08/2018 12:00;87
12/08/2018 12:00;12/08/2018 12:30;86
12/08/2018 12:30;12/08/2018 13:00;87
12/08/2018 13:00;12/08/2018 13:30;85
12/08/2018 13:30;12/08/2018 14:00;89
12/08/2018 14:00;12/08/2018 14:30;90
12/08/2018 14:30;12/08/2018 15:00;84
12/08/2018 15:00;12/08/2018 15:30;88
12/08/2018 15:30;12/08/2018 16:00;87
12/08/2018 16:00;12/08/2018 16:30;91
12/08/2018 16:30;12/08/2018 17:00;95
12/08/2018 17:00;12/08/2018 17:30;94
12/08/2018 17:30;12/08/2018 18:00;96
12/08/2018 18:00;12/08/2018 18:30;91
12/08/2018 18:30;12/08/2018 19:00;90
12/08/2018 19:00;12/08/2018 19:30;98
12/08/2018 19:30;12/08/2018 20:00;99
12/08/2018 20:00;12/08/2018 20:30;104
12/08/2018 20:30;12/08/2018 21:00;109
12/08/2018 21:00;12/08/2018 21:30;139
12/08/2018 21:30;12/08/2018 22:00;114
12/08/2018 22:00;12/08/2018 22:30;86
12/08/2018 22:30;12/08/2018 23:00;64
12/08/2018 23:00;12/08/2018 23:30;52
12/08/2018 23:30;13/08/2018 0:00;48
13/08/2018 0:00;13/08/2018 0:30;40
13/08/2018 0:30;13/08/2018 1:00;50
13/08/2018 1:00;13/08/2018 1:30;50
13/08/2018 1:30;13/08/2018 2:00;53
13/08/2018 2:00;13/08/2018 2:30;34
13/08/2018 2:30;13/08/2018 3:00;43
13/08/2018 3:00;13/08/2018 3:30;43
13/08/2018 3:30;13/08/2018 4:00;38
13/08/2018 4:00;13/08/2018 4:30;53
13/08/2018 4:30;13/08/2018 5:00;35
13/08/2018 5:00;13/08/2018 5:30;38
13/08/2018 5:30;13/08/2018 6:00;32
13/08/2018 6:00;13/08/2018 6:30;19
13/08/2018 6:30;13/08/2018 7:00;11
13/08/2018 7:00;13/08/2018 7:30;9
13/08/2018 7:30;13/08/2018 8:00;27
13/08/2018 8:00;13/08/2018 8:30;35
13/08/2018 8:30;13/08/2018 9:00;39
13/08/2018 9:00;13/08/2018 9:30;54
13/08/2018 9:30;13/08/2018 10:00;48
13/08/2018 10:00;13/08/2018 10:30;49
13/08/2018 10:30;13/08/2018 11:00;63
13/08/2018 11:00;13/08/2018 11:30;76
13/08/2018 11:30;13/08/2018 12:00;85
13/08/2018 12:00;13/08/2018 12:30;110
13/08/2018 12:30;13/08/2018 13:00;107
13/08/2018 13:00;13/08/2018 13:30;107
13/08/2018 13:30;13/08/2018 14:00;113
13/08/2018 14:00;13/08/2018 14:30;105
13/08/2018 14:30;13/08/2018 15:00;103
13/08/2018 15:00;13/08/2018 15:30;100
13/08/2018 15:30;13/08/2018 16:00;108
13/08/2018 16:00;13/08/2018 16:30;111
13/08/2018 16:30;13/08/2018 17:00;120
13/08/2018 17:00;13/08/2018 17:30;121
13/08/2018 17:30;13/08/2018 18:00;124
13/08/2018 18:00;13/08/2018 18:30;101
13/08/2018 18:30;13/08/2018 19:00;86
13/08/2018 19:00;13/08/2018 19:30;82
13/08/2018 19:30;13/08/2018 20:00;81
13/08/2018 20:00;13/08/2018 20:30;75
13/08/2018 20:30;13/08/2018 21:00;64
13/08/2018 21:00;13/08/2018 21:30;69
13/08/2018 21:30;13/08/2018 22:00;81
13/08/2018 22:00;13/08/2018 22:30;68
13/08/2018 22:30;13/08/2018 23:00;76
13/08/2018 23:00;13/08/2018 23:30;70
13/08/2018 23:30;14/08/2018 0:00;66
14/08/2018 0:00;14/08/2018 0:30;67
14/08/2018 0:30;14/08/2018 1:00;71
14/08/2018 1:00;14/08/2018 1:30;68
14/08/2018 1:30;14/08/2018 2:00;66
14/08/2018 2:00;14/08/2018 2:30;41
14/08/2018 2:30;14/08/2018 3:00;27
14/08/2018 3:00;14/08/2018 3:30;27
14/08/2018 3:30;14/08/2018 4:00;31
14/08/2018 4:00;14/08/2018 4:30;33
14/08/2018 4:30;14/08/2018 5:00;23
14/08/2018 5:00;14/08/2018 5:30;18
14/08/2018 5:30;14/08/2018 6:00;18
14/08/2018 6:00;14/08/2018 6:30;24
14/08/2018 6:30;14/08/2018 7:00;42
14/08/2018 7:00;14/08/2018 7:30;72
14/08/2018 7:30;14/08/2018 8:00;70
14/08/2018 8:00;14/08/2018 8:30;60
14/08/2018 8:30;14/08/2018 9:00;61
14/08/2018 9:00;14/08/2018 9:30;58
14/08/2018 9:30;14/08/2018 10:00;57
14/08/2018 10:00;14/08/2018 10:30;65
14/08/2018 10:30;14/08/2018 11:00;70
14/08/2018 11:00;14/08/2018 11:30;72
14/08/2018 11:30;14/08/2018 12:00;81
14/08/2018 12:00;14/08/2018 12:30;80
14/08/2018 12:30;14/08/2018 13:00;97
14/08/2018 13:00;14/08/2018 13:30;96
14/08/2018 13:30;14/08/2018 14:00;97
14/08/2018 14:00;14/08/2018 14:30;102
14/08/2018 14:30;14/08/2018 15:00;99
14/08/2018 15:00;14/08/2018 15:30;96
14/08/2018 15:30;14/08/2018 16:00;96
14/08/2018 16:00;14/08/2018 16:30;96
14/08/2018 16:30;14/08/2018 17:00;97
14/08/2018 17:00;14/08/2018 17:30;96
14/08/2018 17:30;14/08/2018 18:00;108
14/08/2018 18:00;14/08/2018 18:30;106
14/08/2018 18:30;14/08/2018 19:00;105
14/08/2018 19:00;14/08/2018 19:30;98
14/08/2018 19:30;14/08/2018 20:00;84
14/08/2018 20:00;14/08/2018 20:30;79
14/08/2018 20:30;14/08/2018 21:00;77
14/08/2018 21:00;14/08/2018 21:30;72
14/08/2018 21:30;14/08/2018 22:00;69
14/08/2018 22:00;14/08/2018 22:30;68
14/08/2018 22:30;14/08/2018 23:00;53
14/08/2018 23:00;14/08/2018 23:30;45
14/08/2018 23:30;15/08/2018 0:00;46
15/08/2018 0:00;15/08/2018 0:30;50
15/08/2018 0:30;15/08/2018 1:00;54
15/08/2018 1:00;15/08/2018 1:30;30
15/08/2018 1:30;15/08/2018 2:00;24
15/08/2018 2:00;15/08/2018 2:30;45
15/08/2018 2:30;15/08/2018 3:00;52
15/08/2018 3:00;15/08/2018 3:30;48
15/08/2018 3:30;15/08/2018 4:00;48
15/08/2018 4:00;15/08/2018 4:30;47
15/08/2018 4:30;15/08/2018 5:00;39
15/08/2018 5:00;15/08/2018 5:30;31
15/08/2018 5:30;15/08/2018 6:00;25
15/08/2018 6:00;15/08/2018 6:30;20
15/08/2018 6:30;15/08/2018 7:00;27
15/08/2018 7:00;15/08/2018 7:30;40
15/08/2018 7:30;15/08/2018 8:00;45
15/08/2018 8:00;15/08/2018 8:30;41
15/08/2018 8:30;15/08/2018 9:00;34
15/08/2018 9:00;15/08/2018 9:30;36
15/08/2018 9:30;15/08/2018 10:00;47
15/08/2018 10:00;15/08/2018 10:30;55
15/08/2018 10:30;15/08/2018 11:00;61
15/08/2018 11:00;15/08/2018 11:30;61
15/08/2018 11:30;15/08/2018 12:00;81
15/08/2018 12:00;15/08/2018 12:30;90
15/08/2018 12:30;15/08/2018 13:00;94
15/08/2018 13:00;15/08/2018 13:30;95
15/08/2018 13:30;15/08/2018 14:00;100
15/08/2018 14:00;15/08/2018 14:30;97
15/08/2018 14:30;15/08/2018 15:00;95
15/08/2018 15:00;15/08/2018 15:30;86
15/08/2018 15:30;15/08/2018 16:00;86
15/08/2018 16:00;15/08/2018 16:30;89
15/08/2018 16:30;15/08/2018 17:00;95
15/08/2018 17:00;15/08/2018 17:30;106
15/08/2018 17:30;15/08/2018 18:00;115
15/08/2018 18:00;15/08/2018 18:30;113
15/08/2018 18:30;15/08/2018 19:00;106
15/08/2018 19:00;15/08/2018 19:30;104
15/08/2018 19:30;15/08/2018 20:00;100
15/08/2018 20:00;15/08/2018 20:30;96
15/08/2018 20:30;15/08/2018 21:00;93
15/08/2018 21:00;15/08/2018 21:30;86
15/08/2018 21:30;15/08/2018 22:00;87
15/08/2018 22:00;15/08/2018 22:30;72
15/08/2018 22:30;15/08/2018 23:00;64
15/08/2018 23:00;15/08/2018 23:30;53
15/08/2018 23:30;16/08/2018 0:00;43
16/08/2018 0:00;16/08/2018 0:30;39
16/08/2018 0:30;16/08/2018 1:00;42
16/08/2018 1:00;16/08/2018 1:30;42
16/08/2018 1:30;16/08/2018 2:00;34
16/08/2018 2:00;16/08/2018 2:30;48
16/08/2018 2:30;16/08/2018 3:00;36
16/08/2018 3:00;16/08/2018 3:30;28
16/08/2018 3:30;16/08/2018 4:00;21
16/08/2018 4:00;16/08/2018 4:30;23
16/08/2018 4:30;16/08/2018 5:00;29
16/08/2018 5:00;16/08/2018 5:30;26
16/08/2018 5:30;16/08/2018 6:00;23
16/08/2018 6:00;16/08/2018 6:30;17
16/08/2018 6:30;16/08/2018 7:00;14
16/08/2018 7:00;16/08/2018 7:30;15
16/08/2018 7:30;16/08/2018 8:00;16
16/08/2018 8:00;16/08/2018 8:30;26
16/08/2018 8:30;16/08/2018 9:00;33
16/08/2018 9:00;16/08/2018 9:30;40
16/08/2018 9:30;16/08/2018 10:00;44
16/08/2018 10:00;16/08/2018 10:30;59
16/08/2018 10:30;16/08/2018 11:00;59
16/08/2018 11:00;16/08/2018 11:30;67
16/08/2018 11:30;16/08/2018 12:00;74
16/08/2018 12:00;16/08/2018 12:30;77
16/08/2018 12:30;16/08/2018 13:00;95
16/08/2018 13:00;16/08/2018 13:30;93
16/08/2018 13:30;16/08/2018 14:00;90
16/08/2018 14:00;16/08/2018 14:30;91
16/08/2018 14:30;16/08/2018 15:00;89
16/08/2018 15:00;16/08/2018 15:30;92
16/08/2018 15:30;16/08/2018 16:00;95
16/08/2018 16:00;16/08/2018 16:30;112
16/08/2018 16:30;16/08/2018 17:00;117
16/08/2018 17:00;16/08/2018 17:30;110
16/08/2018 17:30;16/08/2018 18:00;116
16/08/2018 18:00;16/08/2018 18:30;112
16/08/2018 18:30;16/08/2018 19:00;106
16/08/2018 19:00;16/08/2018 19:30;100
16/08/2018 19:30;16/08/2018 20:00;101
16/08/2018 20:00;16/08/2018 20:30;84
16/08/2018 20:30;16/08/2018 21:00;73
16/08/2018 21:00;16/08/2018 21:30;102
16/08/2018 21:30;16/08/2018 22:00;102
16/08/2018 22:00;16/08/2018 22:30;81
16/08/2018 22:30;16/08/2018 23:00;69
16/08/2018 23:00;16/08/2018 23:30;59
16/08/2018 23:30;17/08/2018 0:00;50
17/08/2018 0:00;17/08/2018 0:30;39
17/08/2018 0:30;17/08/2018 1:00;57
17/08/2018 1:00;17/08/2018 1:30;36
17/08/2018 1:30;17/08/2018 2:00;36
17/08/2018 2:00;17/08/2018 2:30;31
17/08/2018 2:30;17/08/2018 3:00;26
17/08/2018 3:00;17/08/2018 3:30;19
17/08/2018 3:30;17/08/2018 4:00;19
17/08/2018 4:00;17/08/2018 4:30;17
17/08/2018 4:30;17/08/2018 5:00;17
17/08/2018 5:00;17/08/2018 5:30;20
17/08/2018 5:30;17/08/2018 6:00;16
17/08/2018 6:00;17/08/2018 6:30;13
17/08/2018 6:30;17/08/2018 7:00;14
17/08/2018 7:00;17/08/2018 7:30;15
17/08/2018 7:30;17/08/2018 8:00;17
17/08/2018 8:00;17/08/2018 8:30;27
17/08/2018 8:30;17/08/2018 9:00;34
17/08/2018 9:00;17/08/2018 9:30;34
17/08/2018 9:30;17/08/2018 10:00;38
17/08/2018 10:00;17/08/2018 10:30;43
17/08/2018 10:30;17/08/2018 11:00;63
17/08/2018 11:00;17/08/2018 11:30;67
17/08/2018 11:30;17/08/2018 12:00;75
17/08/2018 12:00;17/08/2018 12:30;63
17/08/2018 12:30;17/08/2018 13:00;63
17/08/2018 13:00;17/08/2018 13:30;119
17/08/2018 13:30;17/08/2018 14:00;130
17/08/2018 14:00;17/08/2018 14:30;90
17/08/2018 14:30;17/08/2018 15:00;89
17/08/2018 15:00;17/08/2018 15:30;91
17/08/2018 15:30;17/08/2018 16:00;96
17/08/2018 16:00;17/08/2018 16:30;88
17/08/2018 16:30;17/08/2018 17:00;73
17/08/2018 17:00;17/08/2018 17:30;72
17/08/2018 17:30;17/08/2018 18:00;62
17/08/2018 18:00;17/08/2018 18:30;71
17/08/2018 18:30;17/08/2018 19:00;90
17/08/2018 19:00;17/08/2018 19:30;116
17/08/2018 19:30;17/08/2018 20:00;80
17/08/2018 20:00;17/08/2018 20:30;59
17/08/2018 20:30;17/08/2018 21:00;48
17/08/2018 21:00;17/08/2018 21:30;48
17/08/2018 21:30;17/08/2018 22:00;36
17/08/2018 22:00;17/08/2018 22:30;21
17/08/2018 22:30;17/08/2018 23:00;18
17/08/2018 23:00;17/08/2018 23:30;17
17/08/2018 23:30;18/08/2018 0:00;21
18/08/2018 0:00;18/08/2018 0:30;13
18/08/2018 0:30;18/08/2018 1:00;17
18/08/2018 1:00;18/08/2018 1:30;22
18/08/2018 1:30;18/08/2018 2:00;30
18/08/2018 2:00;18/08/2018 2:30;27
18/08/2018 2:30;18/08/2018 3:00;20
18/08/2018 3:00;18/08/2018 3:30;17
18/08/2018 3:30;18/08/2018 4:00;9
18/08/2018 4:00;18/08/2018 4:30;15
18/08/2018 4:30;18/08/2018 5:00;15
18/08/2018 5:00;18/08/2018 5:30;12
18/08/2018 5:30;18/08/2018 6:00;1
18/08/2018 6:00;18/08/2018 6:30;6
18/08/2018 6:30;18/08/2018 7:00;7
18/08/2018 7:00;18/08/2018 7:30;17
18/08/2018 7:30;18/08/2018 8:00;14
18/08/2018 8:00;18/08/2018 8:30;19
18/08/2018 8:30;18/08/2018 9:00;27
18/08/2018 9:00;18/08/2018 9:30;42
18/08/2018 9:30;18/08/2018 10:00;52
18/08/2018 10:00;18/08/2018 10:30;55
18/08/2018 10:30;18/08/2018 11:00;48
18/08/2018 11:00;18/08/2018 11:30;63
18/08/2018 11:30;18/08/2018 12:00;78
18/08/2018 12:00;18/08/2018 12:30;107
18/08/2018 12:30;18/08/2018 13:00;120
18/08/2018 13:00;18/08/2018 13:30;116
18/08/2018 13:30;18/08/2018 14:00;111
18/08/2018 14:00;18/08/2018 14:30;114
18/08/2018 14:30;18/08/2018 15:00;108
18/08/2018 15:00;18/08/2018 15:30;102
18/08/2018 15:30;18/08/2018 16:00;105
18/08/2018 16:00;18/08/2018 16:30;106
18/08/2018 16:30;18/08/2018 17:00;109
18/08/2018 17:00;18/08/2018 17:30;123
18/08/2018 17:30;18/08/2018 18:00;122
18/08/2018 18:00;18/08/2018 18:30;110
18/08/2018 18:30;18/08/2018 19:00;90
18/08/2018 19:00;18/08/2018 19:30;91
18/08/2018 19:30;18/08/2018 20:00;69
18/08/2018 20:00;18/08/2018 20:30;52
18/08/2018 20:30;18/08/2018 21:00;43
18/08/2018 21:00;18/08/2018 21:30;33
18/08/2018 21:30;18/08/2018 22:00;24
18/08/2018 22:00;18/08/2018 22:30;20
18/08/2018 22:30;18/08/2018 23:00;13
18/08/2018 23:00;18/08/2018 23:30;11
18/08/2018 23:30;19/08/2018 0:00;19
19/08/2018 0:00;19/08/2018 0:30;36
19/08/2018 0:30;19/08/2018 1:00;34
19/08/2018 1:00;19/08/2018 1:30;24
19/08/2018 1:30;19/08/2018 2:00;23
19/08/2018 2:00;19/08/2018 2:30;13
19/08/2018 2:30;19/08/2018 3:00;10
19/08/2018 3:00;19/08/2018 3:30;20
19/08/2018 3:30;19/08/2018 4:00;15
19/08/2018 4:00;19/08/2018 4:30;6
19/08/2018 4:30;19/08/2018 5:00;
19/08/2018 5:00;19/08/2018 5:30;
19/08/2018 5:30;19/08/2018 6:00;
19/08/2018 6:00;19/08/2018 6:30;
19/08/2018 6:30;19/08/2018 7:00;
19/08/2018 7:00;19/08/2018 7:30;
19/08/2018 7:30;19/08/2018 8:00;
19/08/2018 8:00;19/08/2018 8:30;
19/08/2018 8:30;19/08/2018 9:00;
19/08/2018 9:00;19/08/2018 9:30;
19/08/2018 9:30;19/08/2018 10:00;
19/08/2018 10:00;19/08/2018 10:30;
19/08/2018 10:30;19/08/2018 11:00;
19/08/2018 11:00;19/08/2018 11:30;
19/08/2018 11:30;19/08/2018 12:00;
19/08/2018 12:00;19/08/2018 12:30;
19/08/2018 12:30;19/08/2018 13:00;
19/08/2018 13:00;19/08/2018 13:30;
19/08/2018 13:30;19/08/2018 14:00;
19/08/2018 14:00;19/08/2018 14:30;
19/08/2018 14:30;19/08/2018 15:00;
19/08/2018 15:00;19/08/2018 15:30;
19/08/2018 15:30;19/08/2018 16:00;
19/08/2018 16:00;19/08/2018 16:30;
19/08/2018 16:30;19/08/2018 17:00;
19/08/2018 17:00;19/08/2018 17:30;
19/08/2018 17:30;19/08/2018 18:00;
19/08/2018 18:00;19/08/2018 18:30;
19/08/2018 18:30;19/08/2018 19:00;
19/08/2018 19:00;19/08/2018 19:30;
19/08/2018 19:30;19/08/2018 20:00;
19/08/2018 20:00;19/08/2018 20:30;
19/08/2018 20:30;19/08/2018 21:00;
19/08/2018 21:00;19/08/2018 21:30;
19/08/2018 21:30;19/08/2018 22:00;
19/08/2018 22:00;19/08/2018 22:30;
19/08/2018 22:30;19/08/2018 23:00;
19/08/2018 23:00;19/08/2018 23:30;
19/08/2018 23:30;20/08/2018 0:00;
20/08/2018 0:00;20/08/2018 0:30;
20/08/2018 0:30;20/08/2018 1:00;
20/08/2018 1:00;20/08/2018 1:30;
20/08/2018 1:30;20/08/2018 2:00;
20/08/2018 2:00;20/08/2018 2:30;
20/08/2018 2:30;20/08/2018 3:00;
20/08/2018 3:00;20/08/2018 3:30;
20/08/2018 3:30;20/08/2018 4:00;
20/08/2018 4:00;20/08/2018 4:30;
20/08/2018 4:30;20/08/2018 5:00;
20/08/2018 5:00;20/08/2018 5:30;
20/08/2018 5:30;20/08/2018 6:00;
20/08/2018 6:00;20/08/2018 6:30;
20/08/2018 6:30;20/08/2018 7:00;
20/08/2018 7:00;20/08/2018 7:30;
20/08/2018 7:30;20/08/2018 8:00;
20/08/2018 8:00;20/08/2018 8:30;
20/08/2018 8:30;20/08/2018 9:00;
20/08/2018 9:00;20/08/2018 9:30;
20/08/2018 9:30;20/08/2018 10:00;
20/08/2018 10:00;20/08/2018 10:30;
20/08/2018 10:30;20/08/2018 11:00;
20/08/2018 11:00;20/08/2018 11:30;
20/08/2018 11:30;20/08/2018 12:00;
20/08/2018 12:00;20/08/2018 12:30;
20/08/2018 12:30;20/08/2018 13:00;
20/08/2018 13:00;20/08/2018 13:30;
20/08/2018 13:30;20/08/2018 14:00;
20/08/2018 14:00;20/08/2018 14:30;
20/08/2018 14:30;20/08/2018 15:00;
20/08/2018 15:00;20/08/2018 15:30;
20/08/2018 15:30;20/08/2018 16:00;
20/08/2018 16:00;20/08/2018 16:30;
20/08/2018 16:30;20/08/2018 17:00;
20/08/2018 17:00;20/08/2018 17:30;
20/08/2018 17:30;20/08/2018 18:00;
20/08/2018 18:00;20/08/2018 18:30;
20/08/2018 18:30;20/08/2018 19:00;
20/08/2018 19:00;20/08/2018 19:30;
20/08/2018 19:30;20/08/2018 20:00;
20/08/2018 20:00;20/08/2018 20:30;
20/08/2018 20:30;20/08/2018 21:00;
20/08/2018 21:00;20/08/2018 21:30;
20/08/2018 21:30;20/08/2018 22:00;
20/08/2018 22:00;20/08/2018 22:30;
20/08/2018 22:30;20/08/2018 23:00;
20/08/2018 23:00;20/08/2018 23:30;
20/08/2018 23:30;21/08/2018 0:00;
21/08/2018 0:00;21/08/2018 0:30;
21/08/2018 0:30;21/08/2018 1:00;
21/08/2018 1:00;21/08/2018 1:30;
21/08/2018 1:30;21/08/2018 2:00;
21/08/2018 2:00;21/08/2018 2:30;
21/08/2018 2:30;21/08/2018 3:00;
21/08/2018 3:00;21/08/2018 3:30;
21/08/2018 3:30;21/08/2018 4:00;
21/08/2018 4:00;21/08/2018 4:30;
21/08/2018 4:30;21/08/2018 5:00;
21/08/2018 5:00;21/08/2018 5:30;
21/08/2018 5:30;21/08/2018 6:00;
21/08/2018 6:00;21/08/2018 6:30;
21/08/2018 6:30;21/08/2018 7:00;
21/08/2018 7:00;21/08/2018 7:30;
21/08/2018 7:30;21/08/2018 8:00;
21/08/2018 8:00;21/08/2018 8:30;
21/08/2018 8:30;21/08/2018 9:00;
21/08/2018 9:00;21/08/2018 9:30;
21/08/2018 9:30;21/08/2018 10:00;
21/08/2018 10:00;21/08/2018 10:30;
21/08/2018 10:30;21/08/2018 11:00;
21/08/2018 11:00;21/08/2018 11:30;
21/08/2018 11:30;21/08/2018 12:00;
21/08/2018 12:00;21/08/2018 12:30;88
21/08/2018 12:30;21/08/2018 13:00;91
21/08/2018 13:00;21/08/2018 13:30;99
21/08/2018 13:30;21/08/2018 14:00;109
21/08/2018 14:00;21/08/2018 14:30;108
21/08/2018 14:30;21/08/2018 15:00;97
21/08/2018 15:00;21/08/2018 15:30;95
21/08/2018 15:30;21/08/2018 16:00;95
21/08/2018 16:00;21/08/2018 16:30;97
21/08/2018 16:30;21/08/2018 17:00;95
21/08/2018 17:00;21/08/2018 17:30;100
21/08/2018 17:30;21/08/2018 18:00;123
21/08/2018 18:00;21/08/2018 18:30;130
21/08/2018 18:30;21/08/2018 19:00;124
21/08/2018 19:00;21/08/2018 19:30;105
21/08/2018 19:30;21/08/2018 20:00;100
21/08/2018 20:00;21/08/2018 20:30;101
21/08/2018 20:30;21/08/2018 21:00;86
21/08/2018 21:00;21/08/2018 21:30;61
21/08/2018 21:30;21/08/2018 22:00;32
21/08/2018 22:00;21/08/2018 22:30;31
21/08/2018 22:30;21/08/2018 23:00;37
21/08/2018 23:00;21/08/2018 23:30;29
21/08/2018 23:30;22/08/2018 0:00;24
22/08/2018 0:00;22/08/2018 0:30;23
22/08/2018 0:30;22/08/2018 1:00;19
22/08/2018 1:00;22/08/2018 1:30;17
22/08/2018 1:30;22/08/2018 2:00;17
22/08/2018 2:00;22/08/2018 2:30;22
22/08/2018 2:30;22/08/2018 3:00;20
22/08/2018 3:00;22/08/2018 3:30;18
22/08/2018 3:30;22/08/2018 4:00;14
22/08/2018 4:00;22/08/2018 4:30;14
22/08/2018 4:30;22/08/2018 5:00;9
22/08/2018 5:00;22/08/2018 5:30;7
22/08/2018 5:30;22/08/2018 6:00;8
22/08/2018 6:00;22/08/2018 6:30;13
22/08/2018 6:30;22/08/2018 7:00;11
22/08/2018 7:00;22/08/2018 7:30;6
22/08/2018 7:30;22/08/2018 8:00;5
22/08/2018 8:00;22/08/2018 8:30;13
22/08/2018 8:30;22/08/2018 9:00;33
22/08/2018 9:00;22/08/2018 9:30;31
22/08/2018 9:30;22/08/2018 10:00;32
22/08/2018 10:00;22/08/2018 10:30;38
22/08/2018 10:30;22/08/2018 11:00;50
22/08/2018 11:00;22/08/2018 11:30;73
22/08/2018 11:30;22/08/2018 12:00;89
22/08/2018 12:00;22/08/2018 12:30;97
22/08/2018 12:30;22/08/2018 13:00;105
22/08/2018 13:00;22/08/2018 13:30;118
22/08/2018 13:30;22/08/2018 14:00;126
22/08/2018 14:00;22/08/2018 14:30;111
22/08/2018 14:30;22/08/2018 15:00;109
22/08/2018 15:00;22/08/2018 15:30;108
22/08/2018 15:30;22/08/2018 16:00;110
22/08/2018 16:00;22/08/2018 16:30;100
22/08/2018 16:30;22/08/2018 17:00;89
22/08/2018 17:00;22/08/2018 17:30;87
22/08/2018 17:30;22/08/2018 18:00;79
22/08/2018 18:00;22/08/2018 18:30;79
22/08/2018 18:30;22/08/2018 19:00;70
22/08/2018 19:00;22/08/2018 19:30;70
22/08/2018 19:30;22/08/2018 20:00;88
22/08/2018 20:00;22/08/2018 20:30;63
22/08/2018 20:30;22/08/2018 21:00;46
22/08/2018 21:00;22/08/2018 21:30;36
22/08/2018 21:30;22/08/2018 22:00;41
22/08/2018 22:00;22/08/2018 22:30;27
22/08/2018 22:30;22/08/2018 23:00;26
22/08/2018 23:00;22/08/2018 23:30;23
22/08/2018 23:30;23/08/2018 0:00;16
23/08/2018 0:00;23/08/2018 0:30;17
23/08/2018 0:30;23/08/2018 1:00;17
23/08/2018 1:00;23/08/2018 1:30;16
23/08/2018 1:30;23/08/2018 2:00;13
23/08/2018 2:00;23/08/2018 2:30;13
23/08/2018 2:30;23/08/2018 3:00;12
23/08/2018 3:00;23/08/2018 3:30;16
23/08/2018 3:30;23/08/2018 4:00;19
23/08/2018 4:00;23/08/2018 4:30;18
23/08/2018 4:30;23/08/2018 5:00;11
23/08/2018 5:00;23/08/2018 5:30;7
23/08/2018 5:30;23/08/2018 6:00;8
23/08/2018 6:00;23/08/2018 6:30;9
23/08/2018 6:30;23/08/2018 7:00;7
23/08/2018 7:00;23/08/2018 7:30;10
23/08/2018 7:30;23/08/2018 8:00;8
23/08/2018 8:00;23/08/2018 8:30;18
23/08/2018 8:30;23/08/2018 9:00;25
23/08/2018 9:00;23/08/2018 9:30;33
23/08/2018 9:30;23/08/2018 10:00;32
23/08/2018 10:00;23/08/2018 10:30;50
23/08/2018 10:30;23/08/2018 11:00;53
23/08/2018 11:00;23/08/2018 11:30;67
23/08/2018 11:30;23/08/2018 12:00;74
23/08/2018 12:00;23/08/2018 12:30;89
23/08/2018 12:30;23/08/2018 13:00;101
23/08/2018 13:00;23/08/2018 13:30;104
23/08/2018 13:30;23/08/2018 14:00;106
23/08/2018 14:00;23/08/2018 14:30;103
23/08/2018 14:30;23/08/2018 15:00;100
23/08/2018 15:00;23/08/2018 15:30;99
23/08/2018 15:30;23/08/2018 16:00;111
23/08/2018 16:00;23/08/2018 16:30;110
23/08/2018 16:30;23/08/2018 17:00;127
23/08/2018 17:00;23/08/2018 17:30;96
23/08/2018 17:30;23/08/2018 18:00;72
23/08/2018 18:00;23/08/2018 18:30;63
23/08/2018 18:30;23/08/2018 19:00;45
23/08/2018 19:00;23/08/2018 19:30;52
23/08/2018 19:30;23/08/2018 20:00;42
23/08/2018 20:00;23/08/2018 20:30;42
23/08/2018 20:30;23/08/2018 21:00;34
23/08/2018 21:00;23/08/2018 21:30;28
23/08/2018 21:30;23/08/2018 22:00;28
23/08/2018 22:00;23/08/2018 22:30;25
23/08/2018 22:30;23/08/2018 23:00;27
23/08/2018 23:00;23/08/2018 23:30;19
23/08/2018 23:30;24/08/2018 0:00;18
24/08/2018 0:00;24/08/2018 0:30;24
24/08/2018 0:30;24/08/2018 1:00;18
24/08/2018 1:00;24/08/2018 1:30;12
24/08/2018 1:30;24/08/2018 2:00;13
24/08/2018 2:00;24/08/2018 2:30;12
24/08/2018 2:30;24/08/2018 3:00;14
24/08/2018 3:00;24/08/2018 3:30;22
24/08/2018 3:30;24/08/2018 4:00;13
24/08/2018 4:00;24/08/2018 4:30;12
24/08/2018 4:30;24/08/2018 5:00;11
24/08/2018 5:00;24/08/2018 5:30;5
24/08/2018 5:30;24/08/2018 6:00;6
24/08/2018 6:00;24/08/2018 6:30;7
24/08/2018 6:30;24/08/2018 7:00;7
24/08/2018 7:00;24/08/2018 7:30;8
24/08/2018 7:30;24/08/2018 8:00;23
24/08/2018 8:00;24/08/2018 8:30;26
24/08/2018 8:30;24/08/2018 9:00;40
24/08/2018 9:00;24/08/2018 9:30;51
24/08/2018 9:30;24/08/2018 10:00;53
24/08/2018 10:00;24/08/2018 10:30;51
24/08/2018 10:30;24/08/2018 11:00;52
24/08/2018 11:00;24/08/2018 11:30;66
24/08/2018 11:30;24/08/2018 12:00;73
24/08/2018 12:00;24/08/2018 12:30;78
24/08/2018 12:30;24/08/2018 13:00;80
24/08/2018 13:00;24/08/2018 13:30;82
24/08/2018 13:30;24/08/2018 14:00;84
24/08/2018 14:00;24/08/2018 14:30;86
24/08/2018 14:30;24/08/2018 15:00;83
24/08/2018 15:00;24/08/2018 15:30;84
24/08/2018 15:30;24/08/2018 16:00;84
24/08/2018 16:00;24/08/2018 16:30;82
24/08/2018 16:30;24/08/2018 17:00;85
24/08/2018 17:00;24/08/2018 17:30;107
24/08/2018 17:30;24/08/2018 18:00;112
24/08/2018 18:00;24/08/2018 18:30;103
24/08/2018 18:30;24/08/2018 19:00;98
24/08/2018 19:00;24/08/2018 19:30;101
24/08/2018 19:30;24/08/2018 20:00;100
24/08/2018 20:00;24/08/2018 20:30;94
24/08/2018 20:30;24/08/2018 21:00;95
24/08/2018 21:00;24/08/2018 21:30;92
24/08/2018 21:30;24/08/2018 22:00;84
24/08/2018 22:00;24/08/2018 22:30;76
24/08/2018 22:30;24/08/2018 23:00;69
24/08/2018 23:00;24/08/2018 23:30;59
24/08/2018 23:30;25/08/2018 0:00;64
25/08/2018 0:00;25/08/2018 0:30;51
25/08/2018 0:30;25/08/2018 1:00;64
25/08/2018 1:00;25/08/2018 1:30;70
25/08/2018 1:30;25/08/2018 2:00;58
25/08/2018 2:00;25/08/2018 2:30;75
25/08/2018 2:30;25/08/2018 3:00;75
25/08/2018 3:00;25/08/2018 3:30;65
25/08/2018 3:30;25/08/2018 4:00;68
25/08/2018 4:00;25/08/2018 4:30;65
25/08/2018 4:30;25/08/2018 5:00;68
25/08/2018 5:00;25/08/2018 5:30;74
25/08/2018 5:30;25/08/2018 6:00;79
25/08/2018 6:00;25/08/2018 6:30;80
25/08/2018 6:30;25/08/2018 7:00;81
25/08/2018 7:00;25/08/2018 7:30;77
25/08/2018 7:30;25/08/2018 8:00;64
25/08/2018 8:00;25/08/2018 8:30;55
25/08/2018 8:30;25/08/2018 9:00;48
25/08/2018 9:00;25/08/2018 9:30;48
25/08/2018 9:30;25/08/2018 10:00;45
25/08/2018 10:00;25/08/2018 10:30;52
25/08/2018 10:30;25/08/2018 11:00;55
25/08/2018 11:00;25/08/2018 11:30;73
25/08/2018 11:30;25/08/2018 12:00;81
25/08/2018 12:00;25/08/2018 12:30;95
25/08/2018 12:30;25/08/2018 13:00;94
25/08/2018 13:00;25/08/2018 13:30;95
25/08/2018 13:30;25/08/2018 14:00;99
25/08/2018 14:00;25/08/2018 14:30;98
25/08/2018 14:30;25/08/2018 15:00;95
25/08/2018 15:00;25/08/2018 15:30;92
25/08/2018 15:30;25/08/2018 16:00;96
25/08/2018 16:00;25/08/2018 16:30;97
25/08/2018 16:30;25/08/2018 17:00;96
25/08/2018 17:00;25/08/2018 17:30;92
25/08/2018 17:30;25/08/2018 18:00;91
25/08/2018 18:00;25/08/2018 18:30;95
25/08/2018 18:30;25/08/2018 19:00;96
25/08/2018 19:00;25/08/2018 19:30;93
25/08/2018 19:30;25/08/2018 20:00;86
25/08/2018 20:00;25/08/2018 20:30;77
25/08/2018 20:30;25/08/2018 21:00;75
25/08/2018 21:00;25/08/2018 21:30;66
25/08/2018 21:30;25/08/2018 22:00;52
25/08/2018 22:00;25/08/2018 22:30;67
25/08/2018 22:30;25/08/2018 23:00;76
25/08/2018 23:00;25/08/2018 23:30;71
25/08/2018 23:30;26/08/2018 0:00;67
26/08/2018 0:00;26/08/2018 0:30;62
26/08/2018 0:30;26/08/2018 1:00;58
26/08/2018 1:00;26/08/2018 1:30;52
26/08/2018 1:30;26/08/2018 2:00;60
26/08/2018 2:00;26/08/2018 2:30;66
26/08/2018 2:30;26/08/2018 3:00;71
26/08/2018 3:00;26/08/2018 3:30;75
26/08/2018 3:30;26/08/2018 4:00;65
26/08/2018 4:00;26/08/2018 4:30;65
26/08/2018 4:30;26/08/2018 5:00;65
26/08/2018 5:00;26/08/2018 5:30;72
26/08/2018 5:30;26/08/2018 6:00;86
26/08/2018 6:00;26/08/2018 6:30;85
26/08/2018 6:30;26/08/2018 7:00;72
26/08/2018 7:00;26/08/2018 7:30;63
26/08/2018 7:30;26/08/2018 8:00;56
26/08/2018 8:00;26/08/2018 8:30;78
26/08/2018 8:30;26/08/2018 9:00;96
26/08/2018 9:00;26/08/2018 9:30;105
26/08/2018 9:30;26/08/2018 10:00;102
26/08/2018 10:00;26/08/2018 10:30;101
26/08/2018 10:30;26/08/2018 11:00;93
26/08/2018 11:00;26/08/2018 11:30;87
26/08/2018 11:30;26/08/2018 12:00;91
26/08/2018 12:00;26/08/2018 12:30;100
26/08/2018 12:30;26/08/2018 13:00;102
26/08/2018 13:00;26/08/2018 13:30;99
26/08/2018 13:30;26/08/2018 14:00;106
26/08/2018 14:00;26/08/2018 14:30;99
26/08/2018 14:30;26/08/2018 15:00;94
26/08/2018 15:00;26/08/2018 15:30;89
26/08/2018 15:30;26/08/2018 16:00;88
26/08/2018 16:00;26/08/2018 16:30;89
26/08/2018 16:30;26/08/2018 17:00;87
26/08/2018 17:00;26/08/2018 17:30;88
26/08/2018 17:30;26/08/2018 18:00;96
26/08/2018 18:00;26/08/2018 18:30;95
26/08/2018 18:30;26/08/2018 19:00;80
26/08/2018 19:00;26/08/2018 19:30;78
26/08/2018 19:30;26/08/2018 20:00;74
26/08/2018 20:00;26/08/2018 20:30;70
26/08/2018 20:30;26/08/2018 21:00;60
26/08/2018 21:00;26/08/2018 21:30;51
26/08/2018 21:30;26/08/2018 22:00;35
26/08/2018 22:00;26/08/2018 22:30;41
26/08/2018 22:30;26/08/2018 23:00;44
26/08/2018 23:00;26/08/2018 23:30;17
26/08/2018 23:30;27/08/2018 0:00;14
27/08/2018 0:00;27/08/2018 0:30;15
27/08/2018 0:30;27/08/2018 1:00;16
27/08/2018 1:00;27/08/2018 1:30;21
27/08/2018 1:30;27/08/2018 2:00;14
27/08/2018 2:00;27/08/2018 2:30;14
27/08/2018 2:30;27/08/2018 3:00;11
27/08/2018 3:00;27/08/2018 3:30;7
27/08/2018 3:30;27/08/2018 4:00;7
27/08/2018 4:00;27/08/2018 4:30;13
27/08/2018 4:30;27/08/2018 5:00;17
27/08/2018 5:00;27/08/2018 5:30;17
27/08/2018 5:30;27/08/2018 6:00;19
27/08/2018 6:00;27/08/2018 6:30;21
27/08/2018 6:30;27/08/2018 7:00;29
27/08/2018 7:00;27/08/2018 7:30;27
27/08/2018 7:30;27/08/2018 8:00;26
27/08/2018 8:00;27/08/2018 8:30;29
27/08/2018 8:30;27/08/2018 9:00;31
27/08/2018 9:00;27/08/2018 9:30;27
27/08/2018 9:30;27/08/2018 10:00;26
27/08/2018 10:00;27/08/2018 10:30;30
27/08/2018 10:30;27/08/2018 11:00;41
27/08/2018 11:00;27/08/2018 11:30;67
27/08/2018 11:30;27/08/2018 12:00;73
27/08/2018 12:00;27/08/2018 12:30;81
27/08/2018 12:30;27/08/2018 13:00;86
27/08/2018 13:00;27/08/2018 13:30;89
27/08/2018 13:30;27/08/2018 14:00;91
27/08/2018 14:00;27/08/2018 14:30;87
27/08/2018 14:30;27/08/2018 15:00;87
27/08/2018 15:00;27/08/2018 15:30;88
27/08/2018 15:30;27/08/2018 16:00;85
27/08/2018 16:00;27/08/2018 16:30;87
27/08/2018 16:30;27/08/2018 17:00;86
27/08/2018 17:00;27/08/2018 17:30;98
27/08/2018 17:30;27/08/2018 18:00;105
27/08/2018 18:00;27/08/2018 18:30;108
27/08/2018 18:30;27/08/2018 19:00;105
27/08/2018 19:00;27/08/2018 19:30;100
27/08/2018 19:30;27/08/2018 20:00;86
27/08/2018 20:00;27/08/2018 20:30;73
27/08/2018 20:30;27/08/2018 21:00;58
27/08/2018 21:00;27/08/2018 21:30;48
27/08/2018 21:30;27/08/2018 22:00;46
27/08/2018 22:00;27/08/2018 22:30;29
27/08/2018 22:30;27/08/2018 23:00;25
27/08/2018 23:00;27/08/2018 23:30;38
27/08/2018 23:30;28/08/2018 0:00;37
28/08/2018 0:00;28/08/2018 0:30;36
28/08/2018 0:30;28/08/2018 1:00;27
28/08/2018 1:00;28/08/2018 1:30;28
28/08/2018 1:30;28/08/2018 2:00;24
28/08/2018 2:00;28/08/2018 2:30;29
28/08/2018 2:30;28/08/2018 3:00;28
28/08/2018 3:00;28/08/2018 3:30;25
28/08/2018 3:30;28/08/2018 4:00;24
28/08/2018 4:00;28/08/2018 4:30;17
28/08/2018 4:30;28/08/2018 5:00;16
28/08/2018 5:00;28/08/2018 5:30;15
28/08/2018 5:30;28/08/2018 6:00;13
28/08/2018 6:00;28/08/2018 6:30;16
28/08/2018 6:30;28/08/2018 7:00;16
28/08/2018 7:00;28/08/2018 7:30;17
28/08/2018 7:30;28/08/2018 8:00;22
28/08/2018 8:00;28/08/2018 8:30;25
28/08/2018 8:30;28/08/2018 9:00;32
28/08/2018 9:00;28/08/2018 9:30;35
28/08/2018 9:30;28/08/2018 10:00;34
28/08/2018 10:00;28/08/2018 10:30;40
28/08/2018 10:30;28/08/2018 11:00;43
28/08/2018 11:00;28/08/2018 11:30;61
28/08/2018 11:30;28/08/2018 12:00;79
28/08/2018 12:00;28/08/2018 12:30;84
28/08/2018 12:30;28/08/2018 13:00;100
28/08/2018 13:00;28/08/2018 13:30;98
28/08/2018 13:30;28/08/2018 14:00;100
28/08/2018 14:00;28/08/2018 14:30;100
28/08/2018 14:30;28/08/2018 15:00;95
28/08/2018 15:00;28/08/2018 15:30;94
28/08/2018 15:30;28/08/2018 16:00;90
28/08/2018 16:00;28/08/2018 16:30;90
28/08/2018 16:30;28/08/2018 17:00;89
28/08/2018 17:00;28/08/2018 17:30;96
28/08/2018 17:30;28/08/2018 18:00;93
28/08/2018 18:00;28/08/2018 18:30;88
28/08/2018 18:30;28/08/2018 19:00;72
28/08/2018 19:00;28/08/2018 19:30;76
28/08/2018 19:30;28/08/2018 20:00;66
28/08/2018 20:00;28/08/2018 20:30;52
28/08/2018 20:30;28/08/2018 21:00;56
28/08/2018 21:00;28/08/2018 21:30;40
28/08/2018 21:30;28/08/2018 22:00;38
28/08/2018 22:00;28/08/2018 22:30;52
28/08/2018 22:30;28/08/2018 23:00;61
28/08/2018 23:00;28/08/2018 23:30;80
28/08/2018 23:30;29/08/2018 0:00;112
29/08/2018 0:00;29/08/2018 0:30;129
29/08/2018 0:30;29/08/2018 1:00;97
29/08/2018 1:00;29/08/2018 1:30;54
29/08/2018 1:30;29/08/2018 2:00;48
29/08/2018 2:00;29/08/2018 2:30;48
29/08/2018 2:30;29/08/2018 3:00;90
29/08/2018 3:00;29/08/2018 3:30;119
29/08/2018 3:30;29/08/2018 4:00;107
29/08/2018 4:00;29/08/2018 4:30;86
29/08/2018 4:30;29/08/2018 5:00;72
29/08/2018 5:00;29/08/2018 5:30;46
29/08/2018 5:30;29/08/2018 6:00;42
29/08/2018 6:00;29/08/2018 6:30;33
29/08/2018 6:30;29/08/2018 7:00;33
29/08/2018 7:00;29/08/2018 7:30;41
29/08/2018 7:30;29/08/2018 8:00;27
29/08/2018 8:00;29/08/2018 8:30;25
29/08/2018 8:30;29/08/2018 9:00;27
29/08/2018 9:00;29/08/2018 9:30;41
29/08/2018 9:30;29/08/2018 10:00;51
29/08/2018 10:00;29/08/2018 10:30;59
29/08/2018 10:30;29/08/2018 11:00;62
29/08/2018 11:00;29/08/2018 11:30;76
29/08/2018 11:30;29/08/2018 12:00;87
29/08/2018 12:00;29/08/2018 12:30;97
29/08/2018 12:30;29/08/2018 13:00;104
29/08/2018 13:00;29/08/2018 13:30;105
29/08/2018 13:30;29/08/2018 14:00;101
29/08/2018 14:00;29/08/2018 14:30;100
29/08/2018 14:30;29/08/2018 15:00;88
29/08/2018 15:00;29/08/2018 15:30;86
29/08/2018 15:30;29/08/2018 16:00;81
29/08/2018 16:00;29/08/2018 16:30;79
29/08/2018 16:30;29/08/2018 17:00;89
29/08/2018 17:00;29/08/2018 17:30;94
29/08/2018 17:30;29/08/2018 18:00;87
29/08/2018 18:00;29/08/2018 18:30;92
29/08/2018 18:30;29/08/2018 19:00;108
29/08/2018 19:00;29/08/2018 19:30;112
29/08/2018 19:30;29/08/2018 20:00;122
29/08/2018 20:00;29/08/2018 20:30;80
29/08/2018 20:30;29/08/2018 21:00;62
29/08/2018 21:00;29/08/2018 21:30;51
29/08/2018 21:30;29/08/2018 22:00;40
29/08/2018 22:00;29/08/2018 22:30;36
29/08/2018 22:30;29/08/2018 23:00;40
29/08/2018 23:00;29/08/2018 23:30;32
29/08/2018 23:30;30/08/2018 0:00;29
30/08/2018 0:00;30/08/2018 0:30;26
30/08/2018 0:30;30/08/2018 1:00;33
30/08/2018 1:00;30/08/2018 1:30;25
30/08/2018 1:30;30/08/2018 2:00;15
30/08/2018 2:00;30/08/2018 2:30;15
30/08/2018 2:30;30/08/2018 3:00;17
30/08/2018 3:00;30/08/2018 3:30;20
30/08/2018 3:30;30/08/2018 4:00;19
30/08/2018 4:00;30/08/2018 4:30;11
30/08/2018 4:30;30/08/2018 5:00;9
30/08/2018 5:00;30/08/2018 5:30;9
30/08/2018 5:30;30/08/2018 6:00;9
30/08/2018 6:00;30/08/2018 6:30;12
30/08/2018 6:30;30/08/2018 7:00;9
30/08/2018 7:00;30/08/2018 7:30;11
30/08/2018 7:30;30/08/2018 8:00;17
30/08/2018 8:00;30/08/2018 8:30;13
30/08/2018 8:30;30/08/2018 9:00;14
30/08/2018 9:00;30/08/2018 9:30;30
30/08/2018 9:30;30/08/2018 10:00;32
30/08/2018 10:00;30/08/2018 10:30;35
30/08/2018 10:30;30/08/2018 11:00;55
30/08/2018 11:00;30/08/2018 11:30;63
30/08/2018 11:30;30/08/2018 12:00;63
30/08/2018 12:00;30/08/2018 12:30;66
30/08/2018 12:30;30/08/2018 13:00;77
30/08/2018 13:00;30/08/2018 13:30;71
30/08/2018 13:30;30/08/2018 14:00;88
30/08/2018 14:00;30/08/2018 14:30;88
30/08/2018 14:30;30/08/2018 15:00;83
30/08/2018 15:00;30/08/2018 15:30;84
30/08/2018 15:30;30/08/2018 16:00;89
30/08/2018 16:00;30/08/2018 16:30;92
30/08/2018 16:30;30/08/2018 17:00;96
30/08/2018 17:00;30/08/2018 17:30;94
30/08/2018 17:30;30/08/2018 18:00;92
30/08/2018 18:00;30/08/2018 18:30;95
30/08/2018 18:30;30/08/2018 19:00;91
30/08/2018 19:00;30/08/2018 19:30;80
30/08/2018 19:30;30/08/2018 20:00;80
30/08/2018 20:00;30/08/2018 20:30;76
30/08/2018 20:30;30/08/2018 21:00;72
30/08/2018 21:00;30/08/2018 21:30;73
30/08/2018 21:30;30/08/2018 22:00;74
30/08/2018 22:00;30/08/2018 22:30;68
30/08/2018 22:30;30/08/2018 23:00;76
30/08/2018 23:00;30/08/2018 23:30;81
30/08/2018 23:30;31/08/2018 0:00;78
31/08/2018 0:00;31/08/2018 0:30;77
31/08/2018 0:30;31/08/2018 1:00;79
31/08/2018 1:00;31/08/2018 1:30;80
31/08/2018 1:30;31/08/2018 2:00;82
31/08/2018 2:00;31/08/2018 2:30;74
31/08/2018 2:30;31/08/2018 3:00;72
31/08/2018 3:00;31/08/2018 3:30;69
31/08/2018 3:30;31/08/2018 4:00;71
31/08/2018 4:00;31/08/2018 4:30;85
31/08/2018 4:30;31/08/2018 5:00;70
31/08/2018 5:00;31/08/2018 5:30;57
31/08/2018 5:30;31/08/2018 6:00;68
31/08/2018 6:00;31/08/2018 6:30;69
31/08/2018 6:30;31/08/2018 7:00;66
31/08/2018 7:00;31/08/2018 7:30;62
31/08/2018 7:30;31/08/2018 8:00;48
31/08/2018 8:00;31/08/2018 8:30;47
31/08/2018 8:30;31/08/2018 9:00;50
31/08/2018 9:00;31/08/2018 9:30;49
31/08/2018 9:30;31/08/2018 10:00;54
